28.6 157.2 1517.2 0.5 198.2 628.2 6.4 88.7 303.7 6.2 271.3 1228.5 4273.8 10031.1 1.1 1599.3 10599.2 14700 6984.8 67365.2 1293574.5 176121.9 160336 78934.3 79.9 41909.5 17494.3 4943.6 13463.6 1630.7 25 1987.2 5795.3 1934.8 7816 5.7 18617.9 4.3 44.3 5464581.5 585414.3 8272.7 82 225 19 1753.9 2396354 5135208.5 4772.3 361848.2 98033272 1279.4 21.9 106213.2 50.7 16.8 40474.7 11.1 20.8 566.8 18076.4 59.2 42.5 61 9836.7 114.4 106 25.5 44252.9 4857.2 0
2190 2236.1 7340.8 90.3 414 4142.2 10 77.2 4142 37.2 353.1 5873.5 6660.3 37357.1 449.7 5434.1 32303.6 8223.2 8470.6 102145.2 632589.5 427681.9 183508.7 61234.3 125.6 4981.6 4989.9 2506.2 14449.6 212.7 35.7 681052.6 4830.5 1914.3 22641.8 7.7 18720 84.9 234.7 5698187 566004.1 9926.4 19.2 201.4 17.7 12726.9 4466095.5 4237396 7057.5 245104.8 11781364 1618.2 354.3 177180.6 74 541.4 23455.7 801.2 1121.9 414.7 65049.9 170.6 22.4 2.3 9177 246.6 98.9 18.8 61877.5 4604.5 0
995.7 118.9 1975.4 0.8 350 958.1 7.3 59.6 344.5 3.7 312.8 2649.2 5246.6 25729.7 23.6 2231.2 9791.3 3597 10972.1 55688.8 1376316.6 225116.5 129748.8 85626.1 61.9 9809.1 3552.1 2923.7 4348.7 51.8 18.3 8876 4220.7 2050.9 8130.6 10.5 10432.1 7.5 33.5 5579697 851285.7 20910.1 69.7 274.5 25.9 2563.6 353278.8 6238667.5 7818.4 320779.6 19319046 1335.5 46.5 159476.4 35.4 1 28858.5 25.9 65.5 461.3 38734.3 309.1 75.2 41.7 13648.1 221.7 123.5 26.4 110496.8 4475.1 0
54.5 30.8 2127.1 14.7 250.5 1254.3 7 66.1 561.8 10.1 397.8 3063.1 9361.2 25529.2 11.3 3780.9 10556.7 6893.3 6597.4 18012.4 1014241.3 129736.3 243904.5 56342.9 455.7 79131.4 23605.9 1445.2 10470 1549.3 6.9 3618.5 7593 3270.9 6516.8 8.9 33820.9 14.5 53.4 5567959 626631.3 10352.2 69.7 297.8 27 6798.8 1431492.3 5584804 5828.8 179267.4 18394944 1806.5 59.9 163581.8 33.7 73.7 26858.3 10.6 25.3 461.3 2394.1 29.3 2.4 2.6 10077.2 186.6 160.5 10.9 45628.5 2601.2 0
41.6 180.8 1111.4 0.8 242.4 1282.3 3.9 51.1 90.1 5.4 305.2 2396.1 3058.3 23402.9 32.2 5192.5 5779.5 8208.1 24866.9 19950.1 782464.2 67329.3 153158.6 29057.6 528.8 81872 43002 1413.8 6252.7 1138 2.6 3246.4 3672 1332.3 8680.1 7.7 16293.6 1.4 71 8286949 582101.8 30543.7 38.2 201.4 20.5 36540.5 655294.3 4070293 5004.1 195657.2 15919901 657.7 32.4 60115.3 39.4 90.6 30347.1 25.8 61.5 449.1 14366.6 504.2 48.9 57.9 9770 157.2 69.8 30.7 102374.5 3304 0
41.1 257.1 2192.6 30.2 283.7 1360 3.2 90.4 371.1 10.9 291.3 3695.3 4071.8 26451.6 8.6 4673.1 10400.3 11422.2 45338.1 70810.8 1006468.7 262748.7 33255.9 112515.9 131 23531.5 7865.7 2911.5 25016.7 307.6 10.1 3949.4 3680.8 3857.2 4823.5 8.9 5294 24.1 40.7 5073373 598974 15885.2 79.4 207 24 11527 2626331.5 4528985 3569.3 142803.9 8477778 752.8 24.7 63684.6 83.5 40.8 37898.1 14.5 103.3 512.2 6015.6 105.5 2.1 2.5 9154.8 60.7 58.5 2 58912.3 4165 0
47.6 303.7 1615.1 4.5 189 1638.3 4.7 46.8 226.5 12.7 292 2107.9 4678.3 15359 18 4158.6 10975.5 23846.8 10062 49925.5 1012894.8 162144.6 88550.4 77074.2 82.3 10173.9 1803.2 2204.2 3272.3 751.6 7.2 3220 5148.7 2414.6 8523.5 6.5 6286.1 4.3 10.3 6499074.5 746598.8 15644.2 78 205.8 19 1379.2 435713.4 5160717 3163.6 371040.1 16714842 1035.2 38.3 164987.4 84.6 36.5 26631.6 22.1 64.6 520.5 9643.2 569.9 48.5 67.6 13676.3 167.6 127.3 18.3 92798.3 4306.3 0
49.4 33.6 1079.1 22.4 145.1 571.1 1.1 35.9 113 11.9 312.8 2122.8 5686.2 29059.1 8.6 2403 12008.3 6456.3 10879.1 50404.6 1020286.9 135628.1 188393.5 58917.4 91.7 51274.5 9098.9 3601.2 6562 1544.6 24.9 585.1 2778.8 978.3 8324.4 8.9 29776.2 31.9 58.7 7476905.5 687015.3 13766.7 79.4 251.7 25.9 2386.1 615971.2 5805335.5 5736.4 276507.9 26281932 835.9 43.5 144512 54.5 1.2 28135.7 12.9 20.1 461.3 4431.2 27 2.5 2.3 7442.7 93.6 47.7 4.9 55662.3 3242.8 0
35.5 139.1 3885.7 4.9 241.8 1416.3 11.6 188.6 550.4 10 256.6 240.2 8677.6 1639.5 0.4 794.4 11047.8 6424.8 18346.8 69463.1 1309384.4 166928.8 51453.8 50291.4 88.3 12696.1 6604.6 2138.7 16880.7 243 26.6 635.7 5709.7 1483.3 8485.5 5.6 14654.9 0.3 102.3 5339754.5 531109.6 14993.1 32.9 250.8 20.5 395.2 571451.4 6092323.5 6868 200659.7 12573246 1968.2 22.9 171108.3 31.9 1104 26028.5 8.8 13.4 449.1 210.3 67.6 3.5 2.4 5291.9 177.8 7.1 3.6 57235 3219.1 0
25.5 305 1429.2 4.2 55 844 1 40 65.7 4.4 483.8 2258.5 4088.8 23057 22.5 8931.6 11720.9 6745.9 26718.2 20651.2 979883.3 169451.9 372364.5 36883.3 229 17457.9 12976.7 3586.2 8339.1 277 14.7 3923.6 1178.6 489.8 15293.3 5.8 23271.5 5.5 27.8 8711833 1251449 15308.5 758.6 404.7 32.4 782.7 560641.5 4925005.5 7693.6 669238 25440746 817.2 101.1 80990.9 40.3 18.5 64655.6 35.1 80.8 1969.8 26427.8 166.4 31 22.6 2456.1 104.8 5 37.4 102528.9 2091 0
34.3 112.1 1329 1.8 203.6 660.4 2.5 77.2 129.1 5 312.8 2756.8 3604.9 16944.8 15.8 5469.2 12476.2 15969.9 8767.7 26069.5 1380665.9 168567.2 261561.7 47773.5 36.3 5200.7 2883.2 1881.3 3861.4 230.7 9.4 7932.6 19.8 65.7 98.3 19.2 9013.3 4 17.6 3487902.8 776060 5391.1 79.4 251.7 25.9 4660.1 604839.6 3939713 6406.4 310834.8 11038466 912.9 23.7 135422.8 45.1 27.4 27359 24 58.5 512.2 12040.5 59 2.6 2.1 5153.5 85.1 65.1 12.1 97390.9 3136.3 0
19.8 138.7 1096.3 3.4 269.2 1092.8 3.8 49.3 230.6 5.9 503.4 1076.4 3145.9 6951.5 0.6 1229.9 11298.8 3207 16921.9 60429.4 1110095.9 160095.7 26629.7 52175.1 80.9 6309 3109.6 1152.4 8030.3 394.9 25.8 1810.1 13484.7 3568.1 2576.1 7.4 5127.1 7.3 28.8 8658428 1059116.8 26481.8 96.8 317.6 28 2021 1194167.4 5746161 7363.2 181071.9 22194160 648 14.3 30446.9 29.4 1408.5 24839.8 4 9.8 562.6 464.3 41.5 3.6 3 8099.1 55.9 81.7 17.9 10904.8 3662.7 0
23.7 278.6 1274.2 2.3 176.6 835.3 5.1 44 401.7 5.6 292 2292.4 4592.6 18010.3 13.2 8996.1 9177.6 10083 15389.8 42356.4 890196 190268.5 66087.3 48864.7 377.8 7507.7 5083.8 1027 11805.1 96.7 6.8 3677.6 2436.1 3255.8 5392 5.7 4513.5 6.8 33.8 4389866.5 543817.5 12293.4 78 225 20.5 2144.1 729478.4 3845461 3233 219710 17445064 909.4 28.6 30243.1 31.5 382.1 24823.6 11.1 18.7 566.8 14180.4 31.7 3.5 6.5 5852.9 80 7.6 5.5 65084.1 2697.1 1
34.3 220.9 1908 0.4 464.6 1746.3 2.6 45 190.4 8.8 312.8 888.3 5569.5 8270.4 1 1943.7 11450 2396.8 8623.9 75653.9 1079900.8 143497 486044.7 77658.1 80 108430.7 68814.3 2084.5 8091.8 96.4 3.2 1208.1 3871.9 2227.4 7393.5 8.9 17208.5 0.3 33.5 6921647 756212.5 28196.1 64.9 229.2 20.3 269.1 323357.9 6271149.5 10895.1 511977.4 9986857 414 73.4 68722.8 45.1 2.2 27020.2 19.1 37.2 461.3 3664.6 53.4 2.2 1.8 9351.4 66.4 14.4 5.1 40124.4 4288.7 0
34.3 574.1 3413.5 55.5 125.5 529.3 10.9 302.5 290.2 6.9 291.3 2275 3979.2 24197.9 20.5 3547.6 11592.1 5483.7 27322.9 107602.8 1036266.5 267021.6 367542.9 63119.7 373.7 4236.9 6274.9 1944.9 8116.1 5878.4 14.4 1235.6 9208.5 4645.5 48592.4 6.6 15770.7 5.7 12.4 1336761.9 839445.8 3204 74.6 321.3 25.9 11340.3 64318760 2938871.5 26788.6 540589.8 8825192 1021 5.9 135171.8 45.1 851.4 18591.2 17 22.6 630.7 6624.9 259.6 8.6 31.2 7336.6 110.2 69.5 18.2 74959.8 3836.7 0
40.3 46.6 2887.6 6.7 95.3 491.6 9.1 57.6 507.3 4.3 333.2 1530.8 5977.1 11720.8 8.3 614.2 5508.8 7488.8 18008.1 32906.6 1156284.1 154233.2 42138.6 20397.3 84.6 298185.5 41961.4 1929.9 23765.3 706 19.7 19493.3 1052.1 2185.4 2621.2 7.5 11285.9 5 68.9 1989989.6 473167.3 1476.6 82 225 19 2051.4 325558.9 3551015.3 7556 164429 17746624 1677.1 19.9 193057.2 64.6 207 20387 46.7 97.8 566.8 50429 22.2 2.3 2.1 2810.5 144.7 5.4 7.9 32132.5 1458.2 1
25.2 220.9 2209.5 3.6 12.7 677.1 2.8 98.1 691.6 337.2 353.1 2898.5 4852.6 19722.3 22.6 498.8 11250.1 6331.2 41616.7 18240.3 1042087.5 103156.5 418379 33518.6 752.7 69625.9 24536.7 1772.6 17590.7 2339.4 2.6 3149.1 700.4 1611.1 42484.1 9 23722.5 6.6 41.9 4462969 435672.8 8336.3 58.2 185.3 16.4 2405.7 1955229.8 3800128 6195.8 424100.2 7108141.5 963.8 44.9 93338.8 43.6 218 18915.6 11.8 26.2 485.5 3506.4 82.2 3.1 42.4 4137.2 152.3 5.7 18 103688.1 2070.7 1
406.1 257.1 1771.2 1.2 100.9 735.2 3.1 57.3 512.2 319.7 323.5 1329.6 2461.2 10077.1 4.5 5426.4 12895.3 7968.8 42217.9 24779.2 934376.2 96230.3 1293403.9 53383.9 875.1 78652.2 20738.8 7026.3 48775.9 212.5 2.8 11277 1052.5 3437.1 34286.1 10.5 25674.3 3.4 27.9 7457933.5 719808.1 16723 74.6 274.5 25.9 3315.2 737468.3 4811736 14752.1 479143.4 7772829 960.5 88.4 24956 83.5 84.1 23987.6 41.7 210.7 630.7 11148 304 2.8 3.3 5969.6 124.9 5.1 10.9 19938.7 1821.1 1
30.1 130.5 2755.5 3 123.3 726 9.5 142.5 650.9 8.1 313.2 250.4 7089.1 1901.2 0.4 808.9 11859.8 6549.3 15363 48599 1313242.3 186310.9 50251.6 46047.2 100.2 10259.7 5784.3 1799.1 11055.8 282.8 25.5 650.1 4260.7 988.5 6684.1 7.1 15015.3 0.4 80.1 3893781.3 417676.1 10928.1 36.4 201.4 21.9 552 416644.6 5133158.5 5951.9 208218.2 10549011 1793.2 19.7 174031.8 31.9 478.4 24080.4 10.3 17.1 485.5 262.3 70.7 3.5 3.5 6562 163.6 16.6 2.4 81677 3309.4 0
23.7 332.2 1546.8 1.5 302 887.4 6.9 28.5 564.4 10.7 271.3 1196.7 4708.5 15267.8 1 5289.8 7232.9 26947.3 28221.1 67986.7 1003156.5 159626 146985.6 79955.5 443.8 38564.1 17766 6358.8 30143.9 740.7 3.3 2615.7 107190.8 2423.4 6191.5 5.7 2510.6 1 25.6 21783328 949794.4 24695.7 98.1 244.5 19 6963.9 1437973 4036559 2431.2 85583.5 85191840 839.7 69.4 173094.2 31.5 132.1 29751.3 9.6 14.8 520.5 4534.2 104.3 3.5 21.6 5669.9 108.8 12.1 8.7 194953 2456.8 1
23.7 118 1253.3 6.8 190 1065.4 2.8 114.3 252.6 6.4 208.5 1762.4 3973.4 19530.9 5.1 5563 8206.2 9280 10820.8 45147.6 956743.6 143821.1 130841.3 32125.8 201.6 136849.5 40871.5 2430.2 21673 139.7 12.8 3938.5 2816.5 2432.2 5086.8 5.7 16026.4 5.9 86.1 5031515 769337.6 8463.6 78 225 17.5 807.7 2544580.3 5728125 3693.5 214089.4 77810720 147 16.8 31509 46.3 60.7 24561.5 9.6 31.9 520.5 21998.5 43.7 2.1 1.4 6526.5 74.6 151.2 14.5 60684.3 3505 1
25.5 247.6 1894.2 3.5 436.5 1905.2 1.6 68.8 169.1 6.6 353.8 2485.3 4910.5 19729.1 6.8 2956.4 9159.2 13179.1 14095 81178 1253794.9 172146.3 173756.1 45364.9 116.1 70666 23278.6 3246.7 13249.7 2089.8 4.5 8048.3 6664.3 3990.2 6909.2 8 11493.5 3.6 33.5 5893965.5 1227267.6 10239.5 85.8 341.9 28 2187.3 2395174.8 4832411.5 6561 214748.2 19089012 980.1 29.5 62725.4 92.5 215.2 29153.6 8.3 19.9 665.2 33391.7 25.2 2.5 1.8 9497.5 93.6 42.3 4 62586.7 4493.4 0
28.3 107.6 1844.9 2.5 235.5 913.1 4.4 72.3 113 3.3 312.8 2394 4920.2 22487.5 13 6655.8 6386.1 4435 17891.1 41615.7 955957.9 92338.4 123141.4 34724.2 91.7 60195.2 26107.4 2236.2 8965.5 585.9 5.6 3221.2 4101.8 2555.8 4419.7 8.9 18908.8 7.8 46.2 2115416.3 600654.1 7516.8 55.4 251.7 22.1 1873.5 1114741.1 4150780.8 7149.5 252905.1 20690642 1492.4 21.6 122650.6 37.3 259.8 8890.2 11 20.1 461.3 10324.7 15.7 1.4 1.7 4387 49.3 4 4.7 50996.1 2295.1 1
41.1 196.3 1790.9 3.7 131.7 601.6 4.6 44.3 543.3 5.3 344.9 4654.4 8002.8 25713 36.4 3231.4 12895.3 5792 5270.1 59819.8 1285968.5 196710.9 32615.4 82370.4 61.9 29272 19052.5 1001.2 24113.2 125.5 9.4 4979.3 1176.9 2021.3 5837.3 9.7 5407.5 4.8 29.8 11778512 821054.7 26593.1 55.4 229.2 22.1 3579.9 513928.2 7015286.5 6346.2 281874.4 13981814 1267 100.2 110956.5 45.1 1997.1 40458.2 14.1 28.4 461.3 14707.6 112 2 2.8 7927.7 140.5 96.2 12.5 71704 3251.6 0
47.6 750.8 1796.5 13.4 222.8 2933.2 3.2 55.6 1036.7 14.5 312.6 2073.2 4456.2 13201.5 21.5 3461.5 9771.3 24565.6 6029.3 49925.5 1669712.8 194136.2 103466.9 66597.6 269.4 92458.1 32059.4 2024.3 10726.8 55 25.8 4449.6 216.1 3314.7 7700.4 7.5 30752 16.9 57.8 6160866.5 504390 23256.4 82 244.5 22.1 1341.5 1398135.3 3558188.8 3076.4 252331.6 10636897 1063.9 20.4 125770.8 151.6 484.1 29032.3 36.3 196.3 617.7 11473.6 76 2.5 2 5516.5 89.5 59.9 8.3 41553.5 2951.9 0
49.4 36.3 2032.7 1.5 356 688.9 4.3 89 317.6 2.1 291.3 1105 5853.2 11936.2 1.1 865.5 7512.7 6947.7 13612 54643.2 1216607.5 158903.9 23502.9 22169.4 199.5 3610.9 49.9 1309.2 6732 140 12 5338.9 1028.6 2584.5 563.4 8.9 5063.9 8 31.6 1340493 736095.3 824.8 77 274.5 23 8076.5 953084.2 3216776 6103.9 153266.8 24351142 1166.4 11.6 36690.2 91.9 182.9 19600.3 10.6 32.2 461.3 2363.6 5.1 1.4 1.4 1632.9 134.4 62.9 3.4 35335.3 253.3 1
34.1 90.6 1325.9 10.9 148.1 814.9 3.9 51.6 353.2 10.9 229.6 2171.5 4658.1 20976.7 11.3 3231.1 8468.9 3328.3 21119.8 111378.2 1538458.8 158746.8 326759.9 61531.1 103.1 108393 41782.6 2629.1 11419.9 2180.2 27.6 1618.2 828.7 2467.1 12673.9 6.5 21778.5 8.6 64.2 10268849 1082698.9 9061.7 76 225 20.5 1548.3 1215468.1 6142646.5 5999.7 315359.1 15861702 993.1 20 102767.8 38.4 3304.2 36087.8 11.1 16.7 566.8 9053.1 169.9 29.4 18.3 7516.4 226.6 177.7 50.4 60981.6 4003.6 0
58.4 309.3 2775.6 12.9 474.2 1181 4.2 93 1075.1 6.9 1243.8 2309.8 2352 23290.3 84 4303.3 10171.1 12315.4 24697.7 18240.3 767073.6 198528.3 83039.1 48289.8 167.7 3745.2 6777 2905 4224.4 1229.7 11.7 35601.6 2211.1 5657.9 4819.8 6.5 37400.2 2 36.9 3230742.3 672718.4 15606.1 43.6 217.7 19.1 3530 3448887 5083841.5 4774.1 334781.4 9143556 1823 58.4 160119.2 48.1 135.7 21544.1 72.9 121.1 504.6 1668.9 126.4 8.7 5.1 5781.2 87.4 20.7 81 67219.1 2957.4 0
58.4 126.2 1675.7 25.7 368.5 1434.1 5.9 78.1 434.3 12.5 361.1 3415.1 5979.6 21875.9 49 3960.2 10308.7 13780 5854.1 65807 1165986.3 136099.5 47798.8 50480.1 34.6 10442.9 6954 1194 3996.8 8571.4 86.9 5079.3 2530 1526.1 3259 7.7 5340.8 42.7 98.1 6764368.5 783686.4 29628.6 56.4 201.4 19.1 3214.1 211355.2 5353311 4696.9 161908.2 10316801 1115.7 96.3 158283.8 53.1 34.6 59168.4 24 61.5 414.7 25435.9 112.9 161.8 121.8 12560.2 360.2 121.6 44 112876.3 4234.4 0
267.5 198.4 2276 17.8 202.7 824.2 6.2 83.7 598.6 15.9 987 1521.1 4025.6 12004.9 1.3 3092.3 11012.5 4386.4 17234.5 43856.7 1170712.9 183713.6 61611.9 44894.6 94.6 30642.2 26084 3582.9 15446 142 26.4 5732.5 8625.5 5772.3 3458.5 9.7 2833.1 11.7 30.7 1476367.4 908433.3 11869.7 64.9 274.5 24 10090.3 11193286 3377722.8 6676 74961.2 88859352 1117.1 24 113888.8 83.5 15.1 9559.4 21.8 96 568 5645.4 21.3 1.4 1.6 6030.7 44.3 4.3 3.4 44254.6 3212.3 1
14.5 196.6 1501 40 296.8 2078.3 6.7 34.3 215.5 18.9 363.9 2861.7 3470.5 22074.8 46.2 2825.8 10005.7 7456.3 9684.6 41892.4 1208191 149287.3 436039.2 66907 1009.2 16669.8 3791.7 4029.3 121771.3 1333.5 12.7 7144.3 3218.5 1584 24239.1 8 4261.5 25.5 73.7 7017222 858959.1 31447.9 102.4 341.9 28 6896.8 1080439.8 3299964 6749.3 501999.4 13618125 1001.1 30.7 93967.7 17.1 126.7 11244 5.6 13.5 705.6 18269.8 598.6 48.3 34 7521.4 75.6 81.7 16.1 73972.7 3609.7 0
25.2 160.2 1629.5 5.6 148.7 441.6 3.1 46.8 332.2 82.1 946.3 1811.3 5418.7 8911.4 21.9 1688.9 6937.4 5883.6 16326.8 35454 800842.2 73764.8 21374.3 17007.6 279.9 11101.5 5806.1 1490.2 15252.6 1247.3 10.2 2184.3 174.4 6712.4 2294.3 6.5 2467.3 12.5 31.8 3928214.8 698042.5 7703 47.3 234.1 19.1 1463.9 2835973 5776428.5 878.5 40987.3 20450898 882.3 18.6 167037.8 37.4 39.8 6564.7 11 29.2 544.7 15140.2 285.7 2.3 2 1651.9 47.8 4.7 3.4 56980.1 1458 1
40.3 92.9 2925.2 14.7 213 3592.8 8.6 110.7 773.8 15.1 281.7 2756.2 8424.2 17086.7 1.6 3345.2 11638.3 21572.2 3609.1 69842.2 1470110.8 343130.5 29496.5 81395.4 357.3 104700.7 27224.8 3554.7 4982.4 95.6 8.1 2711.3 3008.7 2597.7 3187.9 7.5 21211 39.1 46.7 10268849 737332.8 21893.7 74 205.8 19 613.1 1091968.3 6055267.5 5025.7 224476.9 15856224 1187.9 34.4 66489.9 185.8 4473.7 80639.6 46.2 159.2 477.7 3167.3 111.6 16.9 20.8 9107.1 114.4 50.9 15.8 47258.9 5294.4 0
20.7 139.1 973.2 2.4 207.7 528.6 1.8 105 181.5 3.3 305.2 1615.6 1607.3 19112.9 10.3 2717.5 5876.8 20480.1 17506.5 33265.1 831176.6 100482.2 215467.5 45355.7 50.8 46654.5 29506.3 1825.7 10105 439.3 12.4 2111.9 180.2 1965.9 8565.6 6.5 14348.9 6.6 13.1 1500530.3 735229.4 1726.1 36.4 217.7 25 2271.3 1888130.4 4818732 5804.5 277778.5 18929504 872.1 14.2 111941.3 109.3 89.1 13017.4 11.8 45.4 524.3 12621.2 61.6 3.5 2.6 4328.1 37.6 89.8 5.3 46002.9 2453 0
35.5 108.7 1219.2 22.4 221.5 1048.7 4.5 51.1 305.9 16.1 305.2 2968.9 5268 25058.1 39.1 6912.6 11571.2 21550 2856.9 59590.6 829895.1 118580.5 176418.2 33472.3 68.7 41283.2 28559.2 1560.7 17110.9 541.3 19.6 2336.5 3005.2 2877 11559.2 9 30016.8 18.8 85.7 2266348.5 930059.4 3080.9 58.2 234.1 20.5 3703.5 637884.6 4791066 5507.4 213540.5 29194058 1055.3 15.6 224282.3 28.5 23.8 19869.4 13.3 23.6 467 5943.7 148.8 2.3 33.2 5168.1 95.5 58.8 7.9 28582.3 1978.6 0
49.4 162.7 1524 1 212.3 986.2 3.6 66.1 561.8 4.2 291.3 2164.1 3367.6 16622.3 18 1657.6 12863.5 17445.4 24010.7 48249.1 1024605.5 208880.4 135592.7 62523.8 219.8 58163.7 33206.9 2610.1 6562 183.8 4.2 6037.6 4705.9 1278.5 10503.5 8.9 12798.9 4 56.9 8182282 659152 33237.2 69.7 251.7 22.1 5057.4 707045.9 4954668 5457.4 320125.9 15616024 886.4 19 84606.3 75.1 1.5 22382.5 30.8 110.3 461.3 7731.2 89.7 3.4 8.2 8214.7 130.3 69.5 12.9 57617.1 3067.1 0
48.9 313 2285.8 0.7 115.4 1374.2 3.5 154.7 604 8.2 337.2 1392.6 3884.5 7884.5 1.2 3484.7 13420.8 5661.9 8435 33998.9 937068.4 144375.8 24486.3 48054.7 139.1 10688.9 6036.5 2316.3 6139 406.3 23.2 2460.4 2592.9 4615.4 2388.8 6.5 25030.3 0.5 27.5 4426227 606446.3 11523.2 40 201.4 20.5 5376.8 392200.3 5035742.5 4463.5 62014.1 11398947 1551.1 12.3 157090.1 172.8 111 21776.8 23.5 110.3 524.3 446 151.1 15.9 32.5 11398.4 146.7 182 19.6 93085.4 4096.2 0
34.3 237.1 1790.9 3.9 118.8 486 6.5 112.9 423.3 12.1 439.7 2599.9 3785.1 17640.7 15.9 2995 5249.7 12086.3 30582.3 72758.5 1491327.8 206889.9 76508.1 61383.7 590 108771.3 26354 1007.2 18119.6 347.6 3.2 9416.4 3274.3 6021.9 3770.1 8.9 11404.9 3.4 19.2 4446228 913914.8 2816.3 96.6 321.3 37.9 5322.6 1655668.5 3992402.3 7529.2 225572.8 60255560 1411 17.5 118593.7 41.1 1.6 28193.4 12.9 28.4 630.7 11167.9 154.3 3.9 1.5 6148.2 147.3 52 22.7 46614.1 3633.9 1
28.3 304 2417.8 9.7 187.6 631.3 4.7 74.8 262.4 10.3 376.7 2949.3 5430.5 22987.6 17.2 3331.2 11086.6 9957.9 16233 52535.5 1036698.4 110291.4 133659.6 56242.1 165.8 57947.4 22062.6 1134 20188.1 396.1 1.9 1180.5 993.8 3206 18413.2 5.6 48087.7 8.3 29.8 12142334 841778.3 41150.5 69.7 345.3 35.2 13897 5015961.5 3853164.5 7412.8 681419.9 24783582 215.8 30.2 144387.4 41.1 43.4 21804.9 12.9 28.4 630.7 5074.2 71.4 5.3 17.7 9735.7 94.3 30.7 18.6 173266.6 3295.3 0
30.1 117.5 1601.6 37.2 132.8 781.2 4.5 42.7 615.8 15.5 313.2 2065.3 4507.7 15481.6 25.2 2509 10841.8 5883.6 5123.7 113486.4 943898.4 127272.3 354323.9 36705.8 1293.5 7723.3 7395.4 1766.7 8300.9 376.5 2.6 1370.5 1744.4 1299.6 21372.5 4.7 21529 65.2 75.2 3539866.5 678772.4 6609.6 47.3 193.3 19.1 3560.2 1290427.5 5225009.5 7827.9 432992.9 8323774.5 1177.1 27.2 190060.5 31.9 209.2 10493.7 12.5 47.9 566 8774.8 342.3 74.6 68.2 8446.2 195.7 67.6 19.6 63396.5 3440.9 0
41.1 183.8 1253 0.9 330.5 1110.6 1.8 62.2 262.4 2.6 334.2 2109.8 4210.1 19542 19.4 13487.6 8092.5 3161.1 10616.1 173606.5 1202748 114307.6 354023.1 49377.8 596.5 61434.9 10747.7 1757 10227.3 423.1 6.5 1603.1 6716.2 1497.2 13072.1 8.9 37353.1 3.4 64.1 4558917.5 569249.9 35532.2 62.5 251.7 24.9 1128.1 163024.9 3841192.5 5206.7 310649.8 12992296 791.5 94.3 62016.2 41.1 54 12838.7 17 37.2 370.6 6175.5 73.2 2.8 2.3 9023.1 78.6 60.7 8.9 42595.4 3175.3 0
48.9 232.7 1488.7 124.5 386.5 1000.6 4.6 53.2 279.1 31.7 297.1 2082.4 5496.4 13406.5 13.2 2803.9 7410.4 7389.1 15547.7 31784.2 960119.6 117108.4 158736.3 91681.2 419.5 9692.5 2611.7 3987.5 9421 3765.8 19.9 4059.9 3448.9 2261.5 12586.5 7.7 2482.5 161.4 274.6 34798780 599484.8 44054 38.2 217.7 19.1 2989.1 368971.7 4627302 3800.6 371019.4 7765164.5 433.2 57.1 188379.7 48.1 155.3 27513.7 21.4 65.7 566 27960.3 46.1 17 47.9 10247.5 116 58.8 18.8 65883.3 4007.1 0
34.1 255.1 2296.4 21.2 124.4 1119.4 8.4 43.6 708.8 12.3 1610.7 1522.3 3531.8 14949.4 5.1 1092.4 9898.3 3521.1 8481.1 39515 751304.5 143701.5 49214.4 99864.1 456.4 5112.7 7481.5 8669.3 11670.3 3019.7 8.9 3725.8 1521.9 2589 6625.7 6.5 3133.7 6.4 15.4 3896229 539866.3 25940 78 244.5 19 6936 53983128 2396855.3 3777.4 262177.1 43622144 913.8 73.9 224673.6 34.8 2.4 21406.6 22.1 20.8 617.7 5549.6 177.4 4.1 14.9 10384.9 85.4 7.6 4.1 61229.6 5060.4 1
2067.9 3907.5 9243.9 5.9 816.7 5929.6 14.6 56.8 6774.2 12.2 914.7 3411.8 7578.5 17582.1 610.7 9274.1 43695 36227.5 15315.7 71948.5 1277198.4 191034.1 99604.7 70391.6 794.5 24265.3 18999.1 4810.5 11219.3 29.5 122.4 504948.1 1957 7689.4 5074 6.8 31958.1 181 48.7 4407196.5 994764.9 8165.6 119.2 443.7 33.7 8156 888955.1 4527872.5 7011.1 254945.4 9236869 1431 30.3 98667.5 105.7 1563 24924.6 797.9 1221.1 628.4 158973.9 73.1 3.1 2.3 5991.9 101.3 38.1 20.1 67589 3494.4 1
35.5 213 962.3 1 175.2 930.1 2.1 50.4 251.9 0.5 321.2 1633.1 2918 10653.8 12.5 2316.7 8641.9 10057 13966.3 23258 767073.6 143824 59112.4 41055.6 247.5 10571.3 6393.7 2106.1 34041.3 113.2 7 3797.3 3747.8 2581.7 4273.6 6.5 12245.3 4.4 24.5 4259424.5 419108.4 11027.4 40 185.3 20.5 2428.1 1012721.2 4232172 2768.1 214197.8 9295014 700.8 30.8 176861.3 109.3 322 23450.4 16.4 65.7 504.6 11316 35.5 9.7 14.5 7800.5 59.5 37.3 23.9 51597.6 3814.6 1
16.5 121.9 1005.6 4.7 323.4 1562.2 1.5 40.8 68.8 11.5 305.2 1434.3 2787.2 12094.8 4.1 1303.9 7997.2 12865 29792.6 45919.1 1077105.5 124007.6 89962.3 32720.2 187.1 5985 4295.5 721.1 4584.6 484.7 14.4 7237.4 897.6 2200.8 1638.7 6.5 96.6 3.4 28.2 25536408 780579.7 1814 41.8 201.4 21.9 3968.2 310939.6 6272089 4359 489585.5 17288094 645.6 5.9 71039.6 48.1 13.9 36142 6.6 26.2 449.1 4346.7 82.9 2.8 2 6989.3 65.4 2.7 11.3 37538.6 2325.2 0
35.5 252.2 2050.4 82.7 108.8 1817.2 3.6 71.3 292.6 24.4 289 1671.5 3290.4 12994.3 1.2 2055.4 8543.4 18266.4 7783 18240.3 734994.9 144421.8 234921.4 65067.1 132.4 248.9 97.7 3587.3 12960.6 10.9 28.8 2448 6471.2 2710.2 20226.6 8.3 10704.7 201.4 378.6 21050276 563422.1 26324.1 47.3 217.7 21.9 3011.6 40852728 4045708 3583.1 361709.4 4752838.5 1438.5 24.3 86111.2 78.3 60.5 18881.9 53.4 160.3 449.1 12279.1 161.3 4.8 2.5 7508.9 62.1 1.9 4.6 58925.1 4526.4 0
28.6 207.1 1315.6 9 49.6 421.9 6.7 72.5 115.1 5.2 229.6 3256.3 3433.5 17482.5 10.5 3215.3 11903.5 9007.7 2545.5 35146 834917.4 127970.6 86573.4 78305.7 140.7 44204.8 24969.1 31.4 8284.9 1443.4 15 2755.5 1437.5 3222 7647.9 7.5 57331.4 7.5 90.7 6442218.5 678194.3 17846.5 90 244.5 22.1 3175.6 621789.3 3130802 2595.7 161920.2 7435621 1020.6 25.7 181961 34.8 554.3 40818.2 17.2 28.5 591.6 12911.8 211 7.4 33.9 7480.2 69.2 59.9 13.7 58614.5 4408.7 0
41.1 492.8 1781.1 103.1 277.1 1006.1 3.4 56.3 647 33.1 291.3 3367.4 4400.8 22306.1 59.4 5388.4 10710.9 5001.8 14608.9 48249.1 1078172.3 154992.8 809038.1 61750.9 399 6366 4043.2 2452 12144.3 10.9 27.2 4735 1686 2021.3 38022.3 7.6 8988.8 153.8 135.5 8837977 799887.3 33809.9 60.1 297.8 22.1 4263.2 2263072.3 5074689.5 11850.9 556053.9 7449610.5 1249 136.8 178989.5 54.5 227.1 21087.3 65.5 141.1 461.3 15511 95 2.9 18.5 9686.1 93.6 87.2 7.7 72007.8 4323.9 0
260.6 274.7 1566.4 10.5 270.1 1285.3 2.9 99.6 226.5 4.2 250.5 2162.5 2252.2 18239.2 9 6203.4 9379.7 23085.6 13283.4 63603.9 1328392.9 145615.1 127362.4 64019.1 134.2 47373.8 25889.2 3687.6 6671.8 287.4 15.3 11180.8 1193.4 1409.9 4229.8 5.7 6203.9 11.9 65.7 6276414.5 802933.8 9616.5 78 205.8 19 2107 269033.9 4929267 3743.8 168136.4 19649114 1301 144.7 174918.2 76.4 1.2 35182.5 87.2 163.1 437.8 25190.6 40.9 1.7 1.3 5298.4 85.4 42 4.6 20788.9 991.4 0
23.7 165.6 1392.2 10.7 197.7 887.4 3.7 100.7 67.3 7.8 394.1 2669.4 7415 21643.6 15.3 6575.6 18215.5 12329.9 8979.3 89501.5 1430884.4 156269.8 18056 32718.9 100.8 90448.2 25093.7 1226.3 8131.2 740.4 35.7 6059.4 1320.5 4960.6 1718.8 5.7 3751 13 30.6 2072065.8 796304.3 2069.5 82 225 20.5 2707 1695362.3 5063286.5 3456.4 149294.4 39252340 320.3 21.1 133776.3 84.6 1.1 16091.4 14.9 44.2 477.7 16035.3 81.4 2.4 2.3 5009.9 88.2 82.7 31.5 44554.3 2315.4 0
48.9 294.2 1954.2 23.5 146.2 1779.4 3.2 63 568.4 10.1 305.2 2197 5859.1 16285.3 1.5 4487.6 11619.8 8441.1 13485.2 91599.2 846553.2 193249 73023.2 49278.2 195.6 6335.5 5661.4 729.8 9383 1070.8 85.3 2704.5 2285.4 3985 4415.2 47.2 10620 39.1 127 3487639 441673.3 4272.4 36.4 217.7 23.4 7155.9 2013972 5865753.5 4041.9 122441 40417316 1173.4 9.7 99895 163.7 63.1 34584 19.7 115 485.5 931.3 37.8 9.7 27.3 9744.8 182.1 89.8 11.3 27577.7 5550.2 0
35.5 168.5 1402.3 3.3 267.3 1193.8 5.6 87 251.9 5.8 289 2796 3474.5 17489.5 2.5 4001.5 16341.7 7655.8 21178.8 74261 1032693.9 180905.5 33001.1 43530.2 141.3 39451.9 1216.2 2779.8 15405.7 158.5 12.4 3309.8 5260.1 3360.5 3667.2 9 2193.9 2.8 82.9 4456820 493535.5 33096.4 29.3 193.3 17.7 3169.1 235386 4717146 4148.2 212637.5 17374420 466.7 32 175401.3 31.9 1.1 15926.4 7 17.1 485.5 6191.3 34.3 3 3 7230 88.7 158.5 13.8 51896 3766.3 1
45 196.3 2655.5 6.6 218.1 1125.7 5.2 148.9 449 4.8 334.2 2661.4 8304.7 16962.6 1.8 2775.6 9406.7 5087.3 19744.9 68848.6 1295080.5 138267 305187.1 67580.7 259.5 10082.1 9300.7 4431.1 12022.9 86.2 13.7 3787.4 2638.9 1630.3 15928.2 25.2 16761.1 21.9 33.5 6005724.5 882913.9 18805.1 64.9 251.7 22.1 3039.3 1484687.8 4581675 9259.7 372484.9 11992745 2017 112.4 120623.5 45.1 308.6 18965.6 9 21.3 568 3705 210.2 2 2.1 7532.2 142.5 47.7 9.3 61210.5 4011.4 0
25.5 209.5 4143.9 3.3 128 625.3 8 7.3 414.5 8.2 424.3 92 11424.7 1160.3 0.3 558.3 7608.6 711.1 35378 28199.2 1022622.9 96428 174353.6 38567.4 1187.7 52709.4 21953.3 6848.8 11990.4 1267 19.8 1911.8 3388.4 1605.6 7005.6 7.4 16752.5 3.3 38.3 1725665 1159925 21579.2 85.8 317.6 26 1030.7 258474.5 5138207 6504.3 260374 11668187 1535.6 47.2 153849.6 20 151.2 14681.1 4.4 9.8 504.3 393.2 185.5 2.4 2.9 5131.7 262.3 21.4 22.7 39386.1 2839 1
1249.6 1553.9 3942.2 39.5 367.6 1889.3 6.5 129.5 1102 26.4 400.5 3483.7 4680.5 21685.8 81.6 2442.3 5779.5 11301.6 1298.9 83624.9 1308955.9 227167.4 41336.2 72341.3 71.2 58455.2 16811.8 5700 4489.8 39.7 19.9 10809.4 4269.7 2974.5 4951.5 5.6 28766.9 81.6 185.2 4862086.5 545405.8 23777 29.3 201.4 19.1 583.1 1306037.1 5861463 4902.2 187610.1 2339947 1159.3 422.2 155161 428.9 838.5 17803.8 551.4 616 431.6 17335.9 299.1 33.7 31 11205.8 148.8 67.6 23.5 81735 3959.3 0
34.3 330.8 1830.2 1.7 373.8 1502.3 5.1 68.9 512.2 4.8 376.7 4504.3 5867.7 19739.2 16.6 1312.4 14562.8 8533.6 3932.8 78519.8 1495692.4 196143.3 193250.9 86484.2 106 4427.5 4994.5 651.7 10664.1 269.6 20.2 6266.4 2628.9 1204.5 10526.8 8.9 16607.4 5.1 49.8 5513643.5 673734.4 16940 64.9 274.5 22.1 2519.2 462687.2 6509104 7789.6 300077 9747531 496.1 71.2 119228.4 54.5 2.5 26990.6 20.4 65.5 568 27036.8 298.6 17.8 23.9 6951.9 211.8 24.5 23.9 108866.6 2797.5 0
40.3 270.8 1954.6 10.5 151.1 918.8 2.4 70.7 530.2 5.9 312.6 1436.4 5085.1 10501.9 6.1 1281.8 10085.9 7488.8 2526.4 93522 1117559 120888 299758.8 45316.1 209.7 10825.2 8361.7 1111.5 8515.4 988.9 8.9 5952.3 1305.9 3532.4 6895.6 6.5 37656.4 13.9 25.6 2160651.5 577101.7 3882.6 106.3 304.5 26.3 5118.9 1986174.4 5169961 4207.5 417637.6 28428522 1188.1 13.5 102463.8 42.2 63.1 20028.1 18.8 20.8 675 76997.5 138.4 3.8 3.6 4131.1 36.5 129.6 10.4 74586.8 2370 1
28.3 149.8 1186.7 4.3 122.8 355.6 2.9 33.4 290.2 84.1 702.2 1825.3 4156.4 11056.3 19 1558.1 8727.7 4454.4 12817.5 20790.3 791493.1 69860.7 17672.2 16112.3 207.2 9254 4906.7 1321.3 11173.6 1315.7 10.1 2310.4 132.6 4592.3 1506.3 8.9 2022.4 7.2 20.8 2245551.8 649145.9 3015.7 104 297.8 28 1264.9 2047169.5 3990647.8 1011.5 40837.2 15317856 710.1 24 142141.1 66.9 2.1 5123.6 17 51.1 703.8 20857.6 330.7 1.7 3 1668.6 58.1 4.8 3.4 75044 1433.4 1
41.1 127.9 751.4 0.3 168 452.2 4.8 41.3 190.4 1.7 355.5 2501.1 2965.4 23607.7 14.8 4512.8 11233.4 3876.2 10944.3 29842.2 977110.1 77667.7 186256.8 47735.9 229.8 47375.3 34318.9 2266.6 6562 1074.6 5.6 1380.8 4285.1 1731.7 4768.8 10.5 4299 1.5 57.8 4891958.5 805755.1 16913.6 77 251.7 24 1626.7 283220.9 5557651.5 5301.1 174154.8 27748886 588 57.2 96937.8 49.6 0.7 22467.9 13.7 30.2 512.2 15272.9 38.9 2.3 2.8 9161.1 57.5 87.2 6.1 67740.6 3782.4 0
34.1 140 1179.4 0.9 155.7 756.5 4.1 46.1 365.4 5.8 292 2519.8 5723.8 20490.3 13.4 13461.5 7571.4 4064.4 8080.6 74728.7 1224462.5 146931 251811 52873.3 121 92807.4 24434.7 2094.4 6806.2 2552.2 7.2 1932.6 2016.3 2623.7 18873.6 6.5 18489.3 5 43.5 4451386.5 697415.1 19374.1 74 205.8 22.1 3450.7 431627.4 4155664.3 5617.5 307050.2 12068132 1194 30.5 139045.7 46.3 165.9 17244.4 15.6 46.7 566.8 6527.9 230.2 21.4 57.1 10655.4 161.1 82.7 17.9 60338 4674.2 0
34.1 299.8 2488.4 6 289.3 1743.1 4.3 72.2 291.1 15.9 5615.4 2023.4 5529.6 13712.3 7.7 2028.6 10774.6 11569.9 35900 1026.5 931311.1 167986.5 255535.2 63868.4 277.2 7702 4000.4 2828.3 11246.5 332 19.7 15896.5 4570.2 6707.1 14639 7.5 6582.6 9.5 28.9 7797573.5 615423 37804.3 68.1 225 20.5 27329.9 2354513.5 5394882 4708.5 304170.1 82180408 1764 61.7 186166.4 46.3 71.4 30009 11.8 20.8 437.8 2261.7 146.1 3.1 17.4 6790.5 134 6.5 14.5 59302.4 4686.8 0
40.3 113.5 1457.6 0.1 353.9 961.1 3.4 56.3 186.2 4.6 271.3 2295.1 6135.8 21333.9 8 4920.6 10147.6 14371.3 8061.5 53264.4 870022.2 114681.9 76325.1 68847.5 164.2 17256.6 3103 2442.4 9995.6 132.6 8.9 5672.3 4111.7 3171.3 9300.8 7.5 4574.4 0.3 68.9 7738448.5 797892.3 27836.6 82 244.5 20.5 3588.2 320494.4 5053890.5 3794.1 273259.5 16035392 1054.3 45.1 180947.6 38.4 2.3 23431 18.8 25.7 477.7 23225.6 130 11.5 41.9 8717.1 150.4 78.1 27.2 78321 4667.3 0
25.5 96.2 1601.9 4.3 123.9 1832 2.7 37 57.4 3.2 323.2 869.9 3296.4 9821.7 0.9 1647.3 10557.6 3865.8 5477.1 52413.1 949194 277328.4 103079.5 42061.8 357.3 11010.8 9903.6 1304.3 9085.2 36.4 8.9 1526.3 131.8 1210.7 2996.5 7.4 9915.3 1.1 23.1 4859301.5 850523.4 5467.1 113.6 341.9 22.2 1699.4 2007629.8 4002050 6200.2 281085.7 17735514 818 32.9 136256.2 54.1 231.1 26471.3 9.4 21.1 628.4 1132.1 61.8 2.4 2.1 6225.7 81.8 29.7 12.2 45873 3231.1 1
25.2 265.7 1870.1 5.2 399.9 2620.3 5.6 226 556.4 5.2 329.2 1203 5185.2 8548.4 1 2263.6 5779.5 8230.7 32289.8 66420 1381882.4 190010 155847.9 23454.1 229 12576.4 2936.2 3440.2 8035.2 29.6 20.8 2024.3 3236.1 2847.7 6460 6.5 449.1 2.8 44.8 4365787.5 570101.6 21944.7 43.6 217.7 17.7 56.5 1235782.4 4342787 5804.5 395995.8 31205532 1790.2 10.2 132933.2 82.7 10.7 30376.6 8.1 17.1 449.1 1920.7 89 5.7 2.2 6880.1 92.8 37.3 4.1 49446.7 3995.7 0
287.5 524.9 5095.4 10.5 274.9 1493.2 18 247.6 2456.9 19 532.8 3735.6 9182.3 18241.3 0.9 4264.6 10975.5 18444.6 22215.9 122169.3 1698234 270303.6 409738.7 89298.9 237.9 9090.7 1808.8 1975.6 20346.8 399.7 25 12112.2 2904.8 5501.8 21805.8 6.5 6273.8 9.1 89.2 8208421.5 709253.9 10874.6 76 244.5 22.1 2982.8 7809784.5 5206392 5923.7 320900.9 13639887 1728.8 30.1 19634.8 105.2 1.6 31208.2 18 28.5 477.7 14952.7 122.3 21.4 2.4 7879.8 138.3 82.7 64.3 85673.6 4231.4 0
78.9 99.7 1517.2 6 409.4 1768.5 3 73.5 78.3 8.1 321.2 2717.2 5854.3 20378.6 1.5 5585.6 9832.8 7572.2 50533.4 51240.1 1157435.8 149251 46546.2 48830.9 111.8 81207.9 17432.6 5393.7 24269.5 691.7 7.8 2609.1 4676.9 3853.7 4469.8 7.7 1614.9 23.1 53.4 4720951.5 730575.3 25575.5 27.5 193.3 17.7 2017.4 985934.3 4832276.5 3111 186733.9 143849820 839.1 42.2 156539.1 28.5 1.2 26380 6.6 19.1 449.1 5858.5 42.8 3.7 12.7 7926.2 69.4 54.5 9.6 36999.3 4426.5 0
20.4 132.3 1247.5 2.9 435.9 1639 3.7 43.5 234.1 10.8 312.8 2380.6 6747.7 18677 5 4468.1 9051 5153.7 19252.4 58794.5 879130.6 176491.5 22722.8 42270.1 350.4 5576.6 6228 4768.9 4494.9 520.3 18.3 3242.9 1500.5 4244.7 3931.9 7.6 2198.9 1.5 17.6 6054088.5 803250.5 11751.5 60.1 251.7 28 11386.9 690206.1 5458706 3397.1 123396.3 20628858 969 30.8 116900 33.7 5.3 38322.7 9.8 25.3 512.2 4260 53.4 2.5 1.8 7736.7 51.8 160.5 5.2 55278.4 4116.3 0
907.3 1281.5 6734.3 3.9 437.8 1501.9 2.5 101.2 1352.3 2.9 261.3 2089.4 2866.7 16327.6 49.3 4657.2 22105 23684.3 9956.2 75676.4 1078595.8 71801 370386.5 57901.7 166 49225.6 24300.2 773.2 10062.4 185.8 45.5 58161.7 2508.7 590.3 11101.3 4.8 33813.2 7.3 32.6 9361356 1114535.1 8545.8 96.8 293.6 24 50.9 475460.3 6119165 6674.1 312771.6 21975798 246.8 525.6 13469.6 283 42.2 28849.6 548.2 573.1 562.6 149791.3 69.4 2.1 2 2968.5 39.4 3.9 10.4 58015.8 1259.8 0
19.8 152.4 3504.5 29.1 101.2 836.1 5.6 130.2 1194.4 9 343.6 1787.4 1123.2 14699.7 10.4 1492.5 13516.3 10219.4 103233.7 35227.8 992315.4 148557.8 189783.5 36717.4 59.3 14499.9 8119.7 15126.6 120186.5 14401.7 19.1 6247.4 5686.7 3159 9175.3 5.8 1915.1 5 111.9 3109833 695195.7 3027.9 88.6 341.9 22.2 11951.4 17137646 2055855.5 5484.3 151871.6 33013942 2367.9 17.6 149479.8 32.8 32.1 21686.3 5.6 11.6 504.3 8895.4 337.6 2.6 2.1 7356.7 169.6 36 15.7 109631.1 3676.8 1
49.4 41.7 991.8 2.1 128.6 1174.2 3.6 49.3 290.2 5.4 376.7 2547.7 5525.7 22700.7 20.7 4564.7 13301.1 13177.6 12889.3 29842.2 1247806.4 87109.2 53867.1 56847.3 68 7280.8 2534.5 1324.3 6804.9 695.6 6 3294.5 1541.2 1589.5 7450 9.7 9334.5 1.8 29.8 5936425 602336 13575.5 84.3 251.7 32.6 5167.9 350510.2 5066536.5 2904.1 161937 10005649 976.7 14.9 125938.5 49.6 1 18825.5 16.2 53.6 461.3 18678.4 130.6 1.5 2.3 8864.9 69.6 87.2 10.9 62764.9 4118.6 0
41.1 396.5 2944.7 1.2 578.6 1448.8 5.3 130.7 659 5.3 408.3 3288.1 6033.8 30069.6 12.3 2678.8 6189.2 8313.6 5719.3 27342.6 1637462.5 207932.5 272828.8 68268.8 85.9 22793.3 16736.1 2424.6 6902.1 828.5 7.3 6500.8 978.3 1021.9 15879.4 7.6 8856.1 1.5 22.5 24645338 755771.4 14808.3 72.1 251.7 24 2308.3 1311218.4 5105638.5 6012.5 687220.9 21388350 975.9 29 112232.1 39.1 60.6 34256.5 8.3 53.6 414.4 42517.1 154 2.2 2 6760.3 153.4 6.4 15.7 70493.1 3205.8 0
30.1 128.4 1224.3 0.8 200 726 4.1 96.4 409.2 3.6 305.2 2127.2 4304.4 13976.7 1.8 6152.6 9890 5109.9 8891.9 17369 902062.9 97760.3 15770.2 46645.4 48.2 4393.7 2617.1 1707.8 6366.5 149.8 18 1187.7 738.9 1872.9 2853.9 7.7 4476.2 77.2 38.3 1956811.3 669006.2 6884.9 43.6 201.4 19.8 5021.6 591942 5021983.5 3583.1 156248 3163450.8 1225.3 11.6 154701.5 28.5 1.9 14047.8 7.4 19.1 485.5 7769.3 33.7 3.7 2.8 7236.4 88.7 140 5.3 24530.6 4262.2 0
19.8 483.2 2026.3 16 175.9 1364 3.5 44.1 597.6 5.2 261.3 1994.7 9922.1 14898.9 47.4 6573.3 22123.3 11487.6 11939 36360.9 892869.6 78086.3 259578.9 49327 92.9 110632.7 27181 3166.9 12530.1 3 6.6 10521.4 1875.4 2602.3 11969 7.4 10987.5 5 39.2 4911265 940562.3 17451.8 102.4 281.8 28 4144.2 1900531.1 6440819 4112.1 306473.3 19947536 678.2 62.8 128872 49 60.2 23546.5 71.3 199.4 504.3 18188.6 42.5 13.4 4 8391.7 68.7 19.4 13.5 52961 3071.8 0
34.1 113.5 2045.9 5.7 420.2 1623.1 7.4 96.4 449.1 9.2 373.9 911.3 8631 9149.1 0.6 3451.7 9040.3 14999.4 20532.6 33657.5 1171713.1 142346.4 178257.4 65214.2 125.4 46825.3 14368.8 18794.3 14081.5 405.6 20 1559.1 1361.1 6005.8 10831.7 6.5 16655.3 12.6 100.8 5047940 745707.5 12467.7 84 225 19 37.4 574818.4 6268639.5 5292.2 295929.2 26645444 1279.4 24.5 128962.8 55.7 37.8 36272.9 10.3 20.8 520.5 1545.5 53.6 2.4 14.9 6563.4 206 5.8 4.3 62423.8 3822.6 0
43.8 118 1125.7 5.9 190 926.5 5.5 41.8 252.6 10.8 250.5 2070.5 5489.8 18075.2 11.8 7636.8 9177.6 8168.7 7000.4 57199.2 834544.1 120251.5 82097.7 77985.7 263.5 12859.2 5534.1 4497.4 7382.2 606.4 3.3 2041.5 8406.5 2096.4 8132.1 6.5 5688.4 2.2 30.6 8903128 635338.6 26661.2 78 244.5 19 3010.4 381294.6 5065028 4435.2 256490.1 10240812 1003.9 41 147709.8 76.4 1.5 39071 11.1 74.6 566.8 4913.2 27.5 4 22.4 9825.4 149.7 96.7 12 82401.8 4809.4 0
34.3 105.3 1044.5 378 380.6 933.6 5.2 178.8 113 6.7 334.2 2772.2 2949.1 26026.9 8.1 4847.9 12476.2 3130.3 5241.2 43856.7 1308535.5 134779.8 92883.4 31858.9 88.8 40275.8 55362.4 4314.5 12920.9 699.1 8.6 2239.6 2479.1 4190.9 4604.9 7.6 20608 3.4 35.3 3664424 784215.5 6014.5 94.1 345.3 25.9 4329.4 299124.9 7795060 5269.7 187964 83424632 452.8 25.7 167879.3 45.1 17.8 23290.3 15.4 28.4 795.1 4451.3 79 1.6 1.4 5540.4 19.1 105.3 3.6 45137 2702.2 0
40.3 174 2548.7 51.1 191.4 1298.7 3.7 75.5 455 16.8 363.7 3512.5 8596.5 23799.1 21.6 2699.1 15981.3 8314.5 6603.8 91804.6 2383678.8 167145.8 254963.1 100553.4 129.8 15218.1 6459.1 7308.8 7535.8 19.3 36.5 4859.8 2336.4 3222 12089.1 4.9 18452.5 62 108.5 9647456 725411.8 21725 102.2 225 22.1 4348.6 1107313.9 5717790.5 5463.1 461469.3 14412777 357.3 21 166254.1 50.7 211.6 27549.1 12.6 28.5 617.7 9249.8 105.5 3.3 2.8 7109.1 21.5 20.4 8.7 30792.5 3975.1 0
41.1 162.7 2094.2 19.7 215.1 1740 7.1 112.6 283.3 11 376.7 2768.3 6392.4 23300.3 7.4 3041.3 7886.7 7808.9 24212 37030.9 1380231 455137.5 184994.2 51662 136.4 63693.5 30100.4 1448.3 7047.8 1040.7 10.5 4682.4 6298.9 4155 8358.6 5.6 27493.8 16.7 58.7 7067628 864547.7 18715.6 69.7 207 22.1 2895.6 2563634.3 7291800.5 5643.8 271881.5 12914940 1479.7 52.9 161859 41.1 135.7 27811.9 29.8 58.5 512.2 21375.7 135.6 2.7 3 7812.7 126.3 103 14.5 56509 3663 0
2011.7 1318.7 4371.9 13.6 308.4 1416.3 2.3 231.9 2227.9 4 3058.2 1688 5009.4 10053.4 73.1 3228.3 15083.4 4899.5 16725.4 51894.7 767073.6 125892.9 48418.3 26404.6 283.9 37291.5 27320.9 2824.5 6214.8 340.7 219.9 39997.1 2065.8 3910.1 3024.1 11.9 17142.7 484.1 141.3 1553657.9 457109.5 1803.7 47.3 185.3 19.8 5905.9 855872.1 4301475 4332.8 123986.6 17868862 1268.5 68 123430.2 145.4 558.3 15553.9 248.4 460.8 449.1 37400.3 95.8 2 2 3378.3 54.3 6.7 24.7 42249.3 1391.6 0
34.3 52.2 1549.7 13.8 619.7 1261.5 1.4 56.9 137 5.4 291.3 2711.5 4725.6 34790.5 27.1 4463.4 8913.9 3727 22581.2 68848.6 1025037.3 238926.8 117941.4 50343.8 103.2 108411.9 58267.9 1430.1 13673.4 43.6 4.2 3533.5 7418.3 2536.7 9598.6 7.6 13320.1 20.6 93.1 25367600 846735.1 27269.4 62.5 251.7 25.9 3833.4 631497.7 6022381 7442 297292.4 37583444 1617.6 121.7 147501.2 33.7 1.2 25260.8 10.6 20.1 414.4 12922.9 134.7 1.7 2.1 6401 136.4 114.3 8.1 66310.7 2959.6 0
34.3 91.4 1119.1 5.3 139.3 990.2 3.2 44.3 129.1 10.6 291.3 2284.5 3399.4 23016.1 23.2 2219.8 7290.2 21007 16523.2 39341.4 921427.8 130160.6 179900.4 34014 23.1 32500.6 18119.7 1996.5 7072.1 746.6 7.3 4345.9 1808.8 1299.6 6516.8 7.6 10469.5 13.7 35.3 2995567.8 1173082.6 7048.8 74.6 251.7 20.3 1962.9 347725.6 4464685.5 6676 296608.9 16728173 963.6 25.1 115204.3 41.1 1.3 18188.5 21.3 76.3 461.3 26364.4 62.3 2.7 2.7 5616.3 59.4 39.1 6.1 60372 2835.7 0
41.1 96.1 3261.6 3.2 417.7 1188.9 4.3 75.4 524.7 8.2 355.5 2264.4 7961.5 27330.5 10.5 4555.2 9998.5 5745.5 71089.3 79468.8 1456432.6 248429 129597.2 50005 114.4 15210.8 6777.3 5958.1 8043.2 471.7 13 6399.2 4280.9 1054.4 7235.5 8.9 1848.2 9.8 40.7 13506001 933314.4 22355 69.7 274.5 25.9 13297.9 1446311.9 6964114.5 5859.5 322275.6 35658444 1293.6 33.3 136217.3 33.7 1.2 27298 7.1 20.1 461.3 5795.6 99.6 3 20.8 8654.5 193.6 100.7 22.3 73450.5 4054 0
30.1 282.9 1559.6 43 366.3 1905.1 3.9 57.4 166.9 16.5 272.9 2007.6 5443 12609.6 1.6 2290.1 10336 16711.9 8612.3 94403.5 820069.6 160157.7 491257.7 50916.5 1594.5 4441.6 2451 2399.4 6328.5 64.6 20.2 778.6 796.7 2700.3 12468 5.6 6907.2 42.7 89.1 7186247 599558.3 13948 40 217.7 17.7 3319.3 649002.3 5156146 9367.9 439872.6 16028917 1299.5 15.8 130247.5 48.1 54 27656.4 15.6 69.8 449.1 2615 95.2 25.8 54 9160.5 90.1 121.6 22.6 70518.1 4211.3 0
25.5 185.7 2878.2 8.8 244.6 2010.3 15.8 418.5 260.2 5.2 424.3 2751.9 5351.1 21646.8 15.8 3068.7 11370.2 17072 23971.4 29401.2 1235080.5 196211.6 146723.4 68210 345.3 134741.6 37899.2 3090.4 8699.3 590.5 5.6 9778.9 1323.6 6164.7 3294 6.8 42471.1 5.8 116.4 4337612 917590.3 10444.1 102.4 317.6 26 2143 2013965.5 4740785.5 3454.1 119844.8 18161728 1823.9 32.6 142109 40.3 135.1 74329.5 6.3 19.9 504.3 15124.6 229.7 3.6 5 10616.2 169.6 192.1 18.3 67700.3 4805.2 0
41.1 507.1 2548.5 2.5 164.9 1574.6 4.9 73 682.9 7.1 291.3 2420.3 3046.5 23342.2 65.8 1761.9 9749.3 9708.2 21928.8 35860.9 1025037.3 108400.4 254869.9 75266.5 163.2 88843.3 22524.4 33.5 21747.2 341 11.6 13919.7 355.1 220.5 18736.4 7.6 14618.5 21.9 74.7 14104186 713615.3 20773.1 57.8 251.7 20.3 1151 1354223.4 7147409.5 6346.2 507575.9 25007568 946.3 54.9 84519.7 49.6 23.3 22872.4 48.3 115.4 461.3 30106.2 103 3.2 2.5 6897 24.3 45.5 20.6 60058.4 3354.5 0
16.5 143.4 2273.1 26.7 123.7 660.5 4.4 187 210.2 8.5 272.9 1051.6 6703.3 5446.9 1 1936.6 10281.4 11799 2507.5 78979.1 1526413.9 147779.1 14992.6 46234.8 121 64255.2 30709.3 4201.9 26428.3 6.2 29.4 2819.9 238.1 6183.4 2147.6 8.3 51533.7 3.4 41.2 2958479.3 688608.6 6612.3 25.8 201.4 20.5 1170.6 1461821.9 4623969.5 4619.4 131352 15603285 1850.7 14.2 164657.1 28.5 18.6 33253 5.9 14.2 524.3 406.4 21.1 3 21.1 4444.6 127.1 78.7 3.6 64821.2 2388.5 1
1143 203 3111.6 31.7 428.8 1778.4 10.5 95.8 890.9 21.9 394.1 1757.7 4446.1 16993 10.8 7006.1 8830.4 4671.5 59698.8 91804.6 1062373.8 141429.8 233249 50764 142.9 40997.8 12660.2 1353.3 39098.3 1483.2 12.4 6053.3 4876.3 6217.1 7742.4 7.5 1989.4 2.2 56.3 6853335 664464.6 9969.6 94.1 225 19 5293.4 3956439 4539831 7221.1 316273 29606086 1241.5 63.6 166710.1 68.3 795.5 23735.7 10.3 14.8 566.8 5566.8 131.3 3.7 21.6 7416.3 254.8 73.5 64.7 66960.8 3787.9 1
28.6 239.3 1346.4 3.9 109.2 790.1 8.4 120.4 144.3 3.4 250.5 2069 6803.5 14125 28.3 5495.6 10178.4 13185.4 2777.5 134288.8 1418712.4 211759.7 62099.9 75762.5 67.9 108138.7 17039.3 2216.4 9438 2357.3 17.7 2704.5 4770.8 4848.3 4249.8 7.5 42637.7 12.6 84.5 6002082 962264.6 10232.2 74 225 17.5 2992 2442751 4861917.5 4612.4 129810.6 17683894 1377.7 42 192145.1 50.7 228.9 41447.9 15.6 31.9 477.7 14214.7 100.1 9.4 25.6 6869.7 104.7 101.3 16.2 51915.6 4193.6 0
34.1 18.9 1315.6 2.2 114.7 722.1 2.3 102.8 52.9 2.1 312.6 1666 4024.5 25093.3 39.3 3079.9 13361.6 5883.8 10597.3 34403.9 818489.9 80209.1 43728.3 30347.7 65.5 28571.2 16500.2 3314.1 12306.2 2097.2 3.3 2946 1087.3 564.7 3999.9 7 31065.1 2.9 21.7 4796265.5 832509.1 12492.2 104.3 205.8 20.5 999.9 1668396.8 3821042.8 3006.3 175498.6 30139750 926.6 23.9 132661.6 55.7 2.4 14961.5 12.6 51.5 520.5 21998.5 115.6 67.2 56.4 7800.6 135.5 5.1 10.4 76952.6 3067.2 0
34.3 200.5 1153.1 6.4 395.1 871.2 3.5 31.8 474.5 9.3 334.2 2287.7 6127.4 17869.4 8.2 3972.7 6762.5 7460.8 9451.7 47161.5 1045337.1 193258.4 95400.2 64680.8 103.2 63174.6 29855.6 6075.5 36772 5188.3 5.1 4715 2449 13212.9 41.7 9.7 4315.4 2.1 22.5 7579644.5 725117.4 35351.4 74.6 229.2 24 3359.4 467205.8 4101963.5 8841.2 406045.3 24463586 1103.7 96 157871.9 37.3 2.2 24758 9.8 28.4 370.6 18718.1 99.6 2.1 2.5 8273.9 83.8 87.2 10.1 51700.4 3793.7 0
995.7 158.4 2593.2 20.3 171.4 892.3 5 64.8 932.3 22.4 439.7 2370.6 3103.1 13810.2 18.9 2874.8 9319.1 6638.9 18813.9 56729.1 1013377.6 145617 72632.7 47022 103.2 21411.7 5274.9 2369.9 12532.6 2674.5 7.8 5589.8 3756 3911.6 4180.7 6.6 2805.4 1.5 33.5 1130789.1 757359.9 4420.5 69.7 229.2 18.5 3271.1 63652936 3564997.8 9920.8 259538 16685726 883.6 264.3 138347.8 91.9 80.9 9808.7 29.8 96 392.1 26775.8 32.8 1.2 1 6476.7 70.9 188.6 12.5 76282.9 3112.5 0
47.6 8.7 1546.8 7 190 949.7 3.5 57 115.1 3.5 271.3 3011.4 4177.3 21379.9 1.3 3443.8 8282.1 3098 24451.8 29078.9 1309463.5 101947.8 96253.4 31208.6 58.1 78211.4 24586 2301.8 5577.6 1189.9 17 1289.1 4101.8 2149.8 2991.7 7.5 4630.4 6.8 83.7 2203478.8 631901.8 2891.9 82 205.8 17.5 3138.9 222620.5 4377084 3626.1 126672.7 26276728 806.4 15.8 95775.7 38.4 66.7 28359.5 8.2 13 520.5 5188.6 24.1 2.5 2.6 5508.8 21.5 37.6 3.8 39835.8 3315.1 0
19.8 445.5 1922.7 15.6 245.8 738.4 4.5 58.1 49.9 13.4 282 2727.1 5274.3 17886.1 56.2 5318.3 6575 29651.9 14377.1 25752 1134994.3 125215.8 262346.9 47026.6 264.4 141507.3 15711.5 1149.1 3489.6 126.9 96.2 10166.4 611 1519.1 29521.2 8.7 23163.7 14 62.6 7934782 1003886.9 13032 105.2 341.9 26 7004.4 6389694.5 3116795.5 5834.8 445197.3 15151423 1072.8 295.6 128034.7 32.8 126.7 29949.6 20 42.9 705.6 14120.1 83.5 3.2 2.7 5715.6 65.3 25.5 10.4 62315.2 3039.3 0
40.3 194.8 1366.8 0.3 97.2 773.4 2.7 39.6 158.5 2.7 271.3 2161.6 2225 17695.6 4.9 1686.7 10085.9 6348.3 2954.9 75937.1 883470.8 222480.2 140164.3 48240.1 606.6 111936.8 34963.4 1298.9 6268.7 5895.4 8.1 2750.4 1432.6 2449.7 7710.9 7.5 19353.4 3.9 32.2 1533135.6 641648.7 1616.1 70.1 225 17.5 75.8 1849064.9 5030306 3163.6 304599.3 15109616 948.8 22.2 142592.4 55.7 12.4 13491.8 16.4 23.1 566.8 18948.3 197.3 2.1 3.1 4654.9 76.6 87.4 7.9 42266.4 2631.4 1
35.5 246.4 1766.9 2.3 118.4 749.9 3.7 55.3 459.1 2.8 353.1 843.7 3454.1 5878.9 0.8 932.7 11907.3 23213.4 6850.1 18240.3 854240.6 92172.4 488344.8 39099.3 383.4 9135.5 4137 4141.4 5703 5233.2 4.8 2316.9 2631.3 2641.1 26657.3 9 15591.2 1.7 45.5 3649109 466915.5 16243.5 43.6 185.3 17.7 61.4 517727.8 4114146.8 6389.4 396696.1 8042475 1079.7 7.7 44777.6 39.4 469.7 13688 12.5 57.2 398.1 18272.9 153.9 123.2 84.3 9336.3 260.6 126.2 26.4 64715.3 4032.2 0
20.7 20.5 1460.1 7.7 121.6 726 3.4 53.9 152 3.2 337.2 3254.6 4483 22824.2 1.4 4009.4 9241.4 4375.7 29670.8 31036.8 1308527.1 107027.1 93897.4 26347 53.4 75216.5 28664 2601.3 5172.3 1042.9 23.2 1582.6 4140.3 2221.1 3775 6.5 3906.3 6.6 74.5 2107213.8 640341.8 3357.3 40 217.7 19.1 1927.8 233730.3 5006820 4148.2 128938.5 22358274 916.3 20.1 177910.3 31.9 63.1 46883.4 9.5 17.1 431.6 4074.7 29.1 5.7 11.8 6197.4 61.5 135.4 6.3 42488.3 3331.3 0
34.1 190.7 1412.4 3.2 263.2 1292 3.2 53 172.4 7.7 302.4 2930.7 7173.5 14375.7 10.9 6935.2 7855.5 3729.5 5359.6 53264.4 1604356.6 79849.1 106885.2 80621.5 506.6 19126 5284.6 4037.5 5020.8 163.6 212.9 2719.8 6190.3 3272.6 5739.4 6.5 23550.6 12.6 56.3 9393664 854401.4 24252 82 225 23.7 2826.6 441790.9 7711425.5 3794.1 361710.4 14255353 1122.4 35.1 104693.1 38.4 215.1 20310.3 11.8 18.7 520.5 932 107.4 2.5 17.4 6836 108.8 64.4 4.3 72379.1 3349.7 0
41.6 294.2 438.4 1.4 173.8 1404.3 6.7 140 325.6 4.3 337.2 2919.4 4562.1 21496.8 20 3813 9332.5 11164.1 49476.5 49924.2 1030132.1 127088.4 362787.4 53979.1 370 10652.9 6109.6 3713.5 11112.9 362.1 20.2 2532.3 3561.3 2611.4 11582.7 7.7 6369 5 12.5 6074885 638413.9 22719 54.5 185.3 17.7 4607.4 688403.1 3966307.3 6341.1 189485 9190298 1229.9 91 220464.7 53.1 1.7 19544.5 20.5 42.9 449.1 10811.8 142.5 48.9 88 15195.8 185.7 121.6 17.5 81996.2 4814.8 0
40.3 219.2 1366.8 10.6 175 722.1 2.6 44 246.2 10 312.6 2119.3 2746.8 16824.6 10.8 2190.1 7895.3 41006.3 2497.6 51935.7 791239.9 118302.1 78427.7 38292 313.8 70820 26110.2 834.1 4694.4 319.7 8.9 3335 3446.7 1844.3 9525.7 7.5 46303.7 6.4 46.7 4665887 567794.2 32529.7 86 284.3 23.7 1038.1 628068.9 3768286.3 3977.1 282110.2 8976283 856.4 143.6 188902.4 46.3 208.1 10383.5 25.6 41.6 617.7 18050.5 45.2 2.9 2.9 6561.2 69.9 194.8 4.3 37310.1 2966.3 1
25.2 117.5 879.3 0.7 376.1 677.1 0.7 53.2 224.2 1.9 321.2 1217.1 3011.6 9883.5 1.5 1121.4 7295 26860.6 24083.4 63339.8 949874.6 101035.6 72031.4 41603.6 182.8 15667.4 15759.3 1660.7 4489.8 1751.5 8.6 1897 1417.6 1472.6 3753.5 7.7 2542.9 4.4 31.8 3971045.3 560773.3 22969 47.3 234.1 17.7 3779 1152215.8 4440263 6796.7 241113.2 18472306 589.7 55.2 110076.6 53.1 1.8 18544.7 15.6 24.9 566 10679.9 132.7 11.7 5.1 7235.6 80 3.4 12.9 54045.8 2946.7 1
34.1 122.4 1417.5 2 282.7 1220.8 3.9 62.7 100.1 6.2 229.6 2084.6 4698.4 16853 6.9 4304.7 10054.9 7582 11948.1 98626.6 1464393.6 77728.3 80616.9 61473.3 191.3 10639.8 6931.3 8308.4 42242.5 3.9 17 1000.7 956.5 2414.6 1832.7 5.7 21853.5 3.9 43.5 5602608 757812.4 10428.1 82 264.3 24.5 4385.2 862434.7 7341055.5 2971.1 192456.9 57225452 1109.2 20.2 142440.4 55.7 31.7 40536 11.1 20.8 617.7 2193.1 74.8 27.1 25.6 7554.2 104.7 192.3 15.4 66553.6 3959.8 1
41.1 138.9 1208.9 5.5 386.2 2275.3 5 65.4 276.4 7 312.8 1973.3 4665.5 17756 1.4 3312.6 11012.5 14806.5 2766.2 34680.5 945166.9 123039.9 357515.3 55448.2 181.5 6565.4 5857.7 1999.5 9450.9 311.6 11.2 2126.4 1930.1 4047 19435.1 8.9 11206.3 1.5 33.5 30327130 960656.3 43765.3 64.9 297.8 24.9 8947.6 814055.8 5646585.5 8276.4 345044.1 8443958 987 75.9 160709.3 49.6 6.7 29198.5 12.9 37.2 512.2 1335.9 92.8 3 12.7 9702 71.5 43.4 11.7 60529 4347.4 0
35.5 619 3513 25.7 25.3 618 8.7 343.7 1058.9 5 747.5 1150.4 15899.1 17764.6 13.7 1437.4 5828.3 13064.2 13405.3 53197.4 611549.6 93651 569359.9 54121.3 1334.1 8893.7 2496.2 3365.3 10979.7 682.1 5.2 10942.7 4710 3503.7 26487.4 6.5 4399.7 11 26 1865605.8 757548 25945 40 185.3 20.5 1193.3 54083092 4269483.5 10248.8 645229.3 5221851 1528.2 85.1 138851.9 31.9 290 5472.4 19.7 29.2 449.1 37988.9 157.4 11.7 12.7 8661.6 64.7 5.6 18 43734.4 4001.4 1
3438.8 744.8 4704.6 111.2 248.7 897.6 2.6 60.4 402.9 12 281 2532.4 5472.1 18558 24 4959.9 9659.2 11914 3291.6 50583.3 951582.1 140927.1 82113.7 39157.4 45.5 118427.8 33608.6 3851.9 11093.9 790.6 20.8 12809.2 2733.9 1600.5 4502.5 7.7 42181.5 67.6 36.2 3728849.8 426387.3 8347.2 40 217.7 20.5 1358.8 941143.8 4231864.5 6195.8 194893.3 25192262 1161.6 2269.9 202658.1 62 484.7 19753.6 929.4 788.2 485.5 48815.8 134.6 4.8 2.3 8446.2 121.5 126.2 5.3 41343.4 4678.2 0
34.3 136.7 1274.9 0.6 113.5 591.5 4.2 55.9 234.1 2.2 302 2205 5083.8 20388 5.6 2731.8 8867.7 6226.9 4445.7 73727 1110157 127378.9 42449 41820.5 125.5 6021.9 5744.4 5325.7 4251.3 736.4 12.3 1131.7 906.3 1299.6 969.3 7.6 23197 4.8 63.2 1851301.8 828485.8 1666.7 62.5 297.8 30.2 4086.9 362846.3 5888504.5 5206.7 111504.1 16995992 878.5 18.8 130646.5 60.2 1.6 15552.8 15.4 28.4 512.2 7422.5 6.7 1.1 0.9 1215.5 67 109.8 3.6 33864.1 983.4 0
28.3 261 2584.3 71.4 216.7 1655 6.2 55.6 190.4 9.8 1023.3 2275.7 3111.2 28096.7 9 2976.5 11160.3 4386.4 76539.5 48249.1 825173 245991.7 380328.4 104244.4 1376.6 113184.6 46698.9 1926.7 27608.5 817.4 8.6 3480.1 8179.8 7538 6617.5 7.1 4916.3 2.1 28.9 7618864.5 919712.3 28672.7 60.1 251.7 22.1 1423.7 45826228 2959815.8 11666.4 458326.8 69122736 1111.9 83.1 148951.9 108.8 292.3 34256.5 15.8 37.2 370.6 6654.8 585.7 60.2 2.9 8180.5 115.5 34.9 65.7 59954 4134.9 1
145.6 168.5 2145.4 12.8 231.6 834.7 5.7 112.8 390.2 3.7 289 2878.7 4259.7 21530.3 12.7 5136.3 8803.7 3892.5 19946.4 24864.2 1284958.4 203535.4 55163.8 48901.5 114.1 131511.5 38605.9 6816.9 8661.5 221.6 26.1 1408.3 2566.3 3417.9 5946.6 6.5 85249.7 11.8 92.6 2164801.3 844140.6 4178.8 24 234.1 21.9 6964.1 2261548 7249833.5 3583.1 143419.4 26598736 1501.7 12.3 180963.9 31.9 1.4 17260.5 8.8 21.3 449.1 740.2 34.3 2.9 15.3 6944 144.5 144.6 20.1 44215.3 3159.5 0
40.3 243.3 1977.5 1 163.7 1069 3 54.3 541.7 3.5 281.7 1632.5 4182.4 12040.6 8.8 2534 10975.5 6388.1 33781.7 70457.9 1184891 138481.5 50096.8 37022.9 485.2 72762.1 40653.4 9.8 10784.5 3818.9 4.4 3470.4 1816.5 3640.7 3178 6.5 21304.3 4.1 73.6 6326338.5 637490.9 30150.8 76 205.8 20.5 2992 609891 5197796 2056.5 142159.1 170995600 887.1 28.9 131952.2 134.6 1 24235.9 18.8 83.9 437.8 5412.1 92.2 3.1 2 5496.1 146.8 39.8 12.9 67879.8 2753.8 0
34.1 140 2340.3 7.5 274 847.5 5.6 104.4 377.6 6.7 208.5 1026.6 899.7 10573.5 1.3 2340.5 8013.3 3124.7 7374 34403.9 938789.9 70753.5 104880.8 27900.8 160 2126.6 94.3 2027.4 17217.1 568.4 3.3 1526.4 889.1 6380.8 3237 7.5 8836.1 3.9 49.9 2127360.3 672878.7 3559.8 84 196.3 17.5 2789.8 1385451.1 3761865.3 3058.9 161920.2 15668518 1050.9 23 132560.2 50.7 15.6 15462.8 11.1 23.1 566.8 21234.2 40 2.1 1.9 3460.5 123.5 28.9 4.6 54192.1 1723.6 1
204.2 109 1605.4 1.4 441 1189.8 4.5 73.1 158.5 4.6 394.1 1384.6 2757.4 9318.9 1 3052.5 9866.7 8459.9 7464.5 100313 1386793.3 249833.6 240910.8 58074.1 112.1 12961 9002.1 2030.4 9937.9 76.9 25.8 2557.3 3483 2069.6 8343.4 3.5 5898 23.6 41.9 6869025.5 614690.9 10874.6 90 225 17.5 83.6 163458.2 4549241.5 5073 411146.3 40948020 864 45.8 198529.2 507.9 2911.4 50954.6 32.2 91 617.7 6459.3 118.4 20.3 26.3 7774.9 6.7 28.9 10.4 82017.3 4026.7 0
40.3 421.1 2045.9 18.6 207 1312 5.2 60.8 495.7 14.4 434.2 1698.8 6704.7 19224.1 26.7 3311.7 9544.8 6052.6 34956.3 52601.2 950384.3 146293 241709.4 40327.9 549 119640.3 29644.2 3947.6 10900 5538 13.2 4166.8 1801.1 2623.7 18535.2 6.5 51967.7 22.2 68.9 7040376.5 687831.5 31233.2 78 225 20.5 3230.6 1114671 4736748 6883.1 318409.1 14589458 1940.7 93.9 244129.9 68.3 112.8 28711.8 25.6 25.7 675 6887.8 164.2 23.7 60.4 5760.2 187.1 24.6 25.5 57391.3 2531.9 0
43.8 207.1 1158 2.1 324.3 537.2 4.2 23.3 341 4.1 333.2 1562.3 6001.9 15438.8 6.8 4505.3 9346.3 6292.5 27773 71072.1 879734.8 91668.9 13658 54942.5 172.6 95753.7 37257.7 5702.5 16461.1 4281.4 2.2 2411.8 1690.7 2753.3 4682.1 5.7 21428.2 2 14.1 8442440 624083.8 31246.2 90 244.5 22.1 2171.9 2160230 5294636 3960.5 227593.1 68792528 873.2 105 170155.5 46.3 1.1 22654.6 9.6 14.8 477.7 6013.3 51.3 3.2 3 6827.8 85.4 7 5.3 64781.3 3659.8 1
2862.8 1419.1 10185.2 0.4 350.4 1743.2 4.3 101.8 533.5 3.8 323.2 2309.4 5343.4 16763.7 8 2769.8 6125.4 5548 20327.3 23239.8 1035836.1 115907.9 89608.5 18579.4 29.2 8290.5 6973.9 4126 3593.2 18.3 11.1 4603 1032.7 3090.2 4242.1 9.5 2605.3 3.3 45.8 1781226.3 993610.1 946.7 108 317.6 26 5392 180488.5 4198137 2948.1 177723.7 16100022 1212.5 2261.3 76825.5 2696 2 12365.9 2200.1 1827.3 628.4 9150.2 70.1 2.7 2.1 3994.1 63.3 7.9 12.2 22027.4 1542.3 0
28.6 388.1 3259.2 14 265.6 1671.5 3.5 204.2 501.5 17.4 312.6 1944.8 8443.9 7037.8 6.8 7070.8 8759.3 5356.6 5237 101433.1 2229517.3 138640.9 45749.8 102799.4 225.9 231455.3 44633 1610.9 30837 2343.9 32.2 4878.3 8438.8 6193.6 3820.6 7.5 61455.7 7.3 39.5 9423293 803642.9 45130.5 70.1 225 20.5 4037.1 1087176.3 5075492 6030.1 252452.4 21082134 1298.9 80.3 176134.2 42.2 0.9 30433.3 11.1 18.7 477.7 2819.2 338.6 31.8 46.1 10485.4 306.7 3.6 46.1 67394.3 4944.9 0
48.9 294.2 1892.4 28.7 123.7 1545 3.5 65 532.4 11.3 337.2 2004.8 5438.2 16042.5 1.4 3907.2 11522.3 8568.5 12343.6 77218.6 872602.8 165961.2 65917.7 39855.7 156.8 6172.3 5553.3 668.7 6537.1 1383.1 90.8 2302.6 2131.6 3168.3 4371.6 47.2 10598.3 41.8 128.3 3257163.5 398913.2 3447.8 29.3 185.3 22.7 6172.4 1692019.8 4542368.5 3528.3 121008.7 41206692 1214.7 12.6 146971.3 154.5 63.1 30288.6 23.1 118.1 485.5 945 32.9 4.2 16.2 8594.7 138.2 83.1 9.2 32580 5044.2 0
139.3 300.1 2303.6 7.8 121.5 925.4 4.7 69.5 568 2.5 334.2 1066.4 3271.9 6932.7 0.7 2345.7 6883.3 6217.7 3889.7 62868 1145617.8 222929.6 810004.3 40547.1 181.5 16079.7 3117.3 2585.8 10761.1 102.5 13 1344.1 3882.2 2727.4 33447.4 7.6 19612.1 5.7 26.1 7061913 612301.6 7950.1 79.4 229.2 25.9 4175.1 1143598.8 6111900.5 9975.5 538208.8 9632390 465.9 17.1 46566.2 108.8 138.3 23672.8 21.8 120.4 461.3 2771.7 72 2.1 1.9 6630 82.5 32.8 141.2 35858.7 3603.7 0
364.4 274.7 1517.2 2.3 142.2 571.5 1.2 112.2 172.4 3.4 1178.1 4785.7 2235.9 17766.2 0.7 855.9 13454.8 749.3 10192.1 87764.2 1131088.3 141270.4 229574.7 51345 223.8 22800.6 6139.8 1153.8 9284.2 2318.9 90.4 1413.8 2768.8 3255.8 6460 4.2 9234.1 8.2 28.9 6649862 777048.4 22053.8 80 264.3 17.5 14053.6 2030453.3 4308736.5 5088.7 360241.7 9740445 547.2 39.2 155867.3 177.2 3205.7 34745.9 18 72.7 617.7 1489.1 103.7 7.4 4.3 7746 294.6 82.7 33.2 64001 3373.9 1
49.4 266.9 1539.4 34.7 149.6 1021.9 5.7 54.2 96.5 24.4 460.5 2258.7 3652.1 24863.1 6.8 2962.7 12541.6 21778.4 13007.2 29842.2 1240004.6 91055.8 438072.8 40472.2 345.7 59882.4 12721.1 2509.7 240272 146.7 64.7 3983.2 2753 3593.1 16919.1 7.6 14674.3 21.1 134.6 5885243.5 788219.7 21889.6 64.9 274.5 25.9 3094.5 1743842.6 5841059 5798 375345.6 17634992 571.4 203.6 122228.5 91.9 76.3 22574.2 42.8 103.3 1753.7 27237.6 35.7 1.4 2.1 7300 38.2 7.1 4.9 83770.4 3607.1 1
143 51.8 671.1 3.8 243.2 798.4 2.8 52.3 59.7 5.6 302.4 1936.2 4111.1 16818.5 2.5 4022.9 9707.1 13862.4 31171.9 45838.2 1314005.1 132986 48323.4 53421.5 70.4 57527.4 13313.8 3916.6 16422.3 779.7 4.4 1802 3640.3 2238.6 4510.9 6.5 1441.3 4.3 33.8 3352741.3 556956.6 13925.7 90 304.5 25.4 1322.7 604281.3 2969530.8 2357.3 181169.8 150557710 476.1 34 140971 34.8 1 18593.8 8.9 16.7 741.9 5154.2 21.1 3.8 14.9 6436.1 41.6 10.1 7 29634.2 3032.1 0
1851.7 183.8 1102 3.1 202.2 1029.7 5.1 68 175.4 4.6 376.7 3603.6 3644.2 22855.5 9.1 5593 10556.7 27217.5 9633.1 43856.7 1094162.8 207742.9 202065 57351.8 315 35487.5 39724.5 3803 5298 107.9 5.6 9777.6 2022.2 2488.7 3351.5 7.1 20127.8 12.8 38.9 4878853.5 698281.5 17614.3 69.7 297.8 24 6209 2337187 5503358 5890.2 225403.9 15450287 164.2 69.6 139599.4 75.1 174 29884.9 22.2 80.5 512.2 22273.2 90.4 2.1 1.1 7464 89.1 67.3 7.3 57927.2 4127.9 1
41.6 224.9 2145.4 2.8 315 1466.6 3.5 78.4 440.5 5.7 305.2 3281.7 5844.6 19974.6 3.4 10139 5156.7 3425.3 11421.9 102692.3 1289242.8 235295.6 138639.7 64874.3 204 123346.8 51113.5 1065.3 10447.2 437.5 10.6 1824.2 3326 4615.4 6818.9 8.3 7508.2 4.7 74.5 6884467 852703.8 14440 25.8 185.3 16.4 3560.2 2348315 5737797.5 6171.5 292948.5 15619629 1129.4 19.2 126632.1 39.4 35.1 41087.8 7.4 26.2 382 3287.9 121.3 3.8 2.9 8630.2 134.1 186.7 10.4 37703 4759.5 0
296.6 136.7 1736.5 1.1 322.9 1103 3.9 48.6 175.4 5 355.5 2993.4 5009.6 23360.5 23.4 4442.2 11802.1 14749.3 8083.7 42740.2 857549.2 118321.1 79296.5 72445.8 734.6 18139.4 2341.5 3253 8771.4 77.1 10.9 7818.1 3922.2 3178.1 7755.7 7.6 6790.2 1.5 58.7 2847558.8 630131.3 4110.5 69.7 251.7 25.9 3491.7 626049.4 6233855 4042.1 311574.8 17323328 974.7 25.4 158283.5 49.6 47.4 25401.2 34 92.2 512.2 30641.1 144.2 3.8 18.5 11014.9 172.7 69.5 12.5 79472.5 5037.9 0
47.6 538.9 2095.7 1.2 364.8 1364.8 8.2 75.8 278.4 8.9 363.7 2275.1 3937.7 18705.7 11.7 5247.1 7189.4 13991.6 7682.9 96932.8 873757.6 217521.2 92012.7 110219 24.1 9732 6760.4 6371.5 7919.9 87.3 9.7 2488.2 5826.9 3905.4 5310.5 6.5 4251.5 4.6 62.6 14883335 733964 18092 66.1 225 20.5 2199.6 1889140.8 5352990.5 5540.4 306748.8 3963286 1338.3 172 126176.1 61.4 89.2 31186.5 30.2 46.7 566.8 1433 549.3 26 33.2 13250.8 113 69 32.3 11594.6 6259.7 0
49.4 166.9 1164.3 1.6 111.7 762.4 3.9 58.3 290.2 6.4 323.5 2254.5 4748.2 17681.4 0.8 2635.1 13665 5884.9 12557.6 37030.9 1176772.1 197042 255629.4 33241.6 42.9 1285.9 2746.7 2935.9 11246.4 90 19 1400.8 1345.4 3335.7 3964.3 9.7 8040 2.7 33.5 4033910.3 1129381.1 2838.2 72.1 251.7 25.9 3491.7 529513.8 5295403 5301.1 146803.5 13622479 993 10.7 89706.3 49.6 646.6 27087.1 12.9 48.5 512.2 1069.8 176.1 1.8 1.5 2997.6 68.3 118.9 4.6 30327.5 1851.5 0
40.3 286.3 3259.2 1.7 176.6 642 5.1 76.7 484.2 4.7 271.3 3355 4060.2 22356.8 21.3 1077.4 9446.1 52078.9 9845.8 53264.4 1345821.5 161025.1 302237.5 64030.6 65.5 237303.4 23835.3 8850.2 6595 52.3 7.2 5447.2 1646.4 1807.9 11660.9 7.5 18740.3 6.4 103.1 4738110 654197.9 7558.1 90 244.5 17.5 2964.4 1160701.9 3417204.3 7177.2 306576.6 20675312 1596.7 37.8 147101.8 61.4 150.2 28179.5 117.2 128.9 617.7 20280.6 328 2.8 8.5 5807.2 104.7 192.3 23 46276.6 2719.4 0
34.1 406.5 1512.3 2 242.3 1871.2 5.2 10.8 303.7 4.8 271.3 3270.4 3660.7 24432.6 25.4 4382.8 8970.9 7411 4084.5 84848.5 1875003.3 210462.9 54392.1 127852.7 93.9 52449 13352.8 1407.8 9399.5 237.1 17.7 8015 6016.6 3213.6 8693.3 6.5 22382.2 5.9 23.3 25494488 872082.3 36245.7 82 225 19 78.3 478963.6 5741671.5 3490.4 432557 24590024 907.8 40.1 207750.7 38.4 74.4 38496.5 13.3 25.7 566.8 18352.5 225.1 41.3 17.4 10040.4 115.8 26.8 34 85366.2 4280.6 0
35.5 259.9 2340.5 5.3 305.8 804.3 8.2 71 446.7 7.8 629.9 2099.3 7866.5 16792.1 27.8 3288.4 10308.7 8822.5 113708.5 31036.8 1141192.8 166375.9 556744.1 46762.8 597.5 60212 21369.7 1743.1 6139 2066.2 8.6 6137.3 6632.9 2974.5 23754.8 10.7 25862.5 5.5 27.5 7418915 584681.2 24052.3 25.8 185.3 17.7 2405.7 934450.1 3077482 11626.9 406655 21548248 1198.7 34.6 194054 31.9 414.5 27060.4 12.5 23.6 382 16322.8 108.8 28 12.7 4888.4 106.4 103.4 12.1 48930.5 2554.3 0
35.5 232.7 1517.2 10.3 450.6 1735.8 2.9 146.7 251.9 6.5 337.2 2721.8 4793.6 16267.1 6.4 1180.3 5477.1 13014.4 2125.7 39727.7 1105298.5 141846.7 122572.8 58831 31.8 9670.6 2467.1 3611.3 7371.3 121.4 14.4 1731.9 2806.6 1167.7 7348.6 7.7 7146.2 7.6 67.5 2724721.5 523420.6 16332.9 40 185.3 19.1 1808.3 1995000 3870801 3362.8 284865.3 13331383 906.6 58.4 159568.7 39.4 117.9 19729.8 20.1 98.9 485.5 19149.1 166.7 7.7 28.8 3130.9 111.9 41.6 24.7 56878.2 2463.4 0
47.6 317 2322.8 0.4 144.7 1147.8 3.7 89.8 472.5 5.6 292 2066.6 3100.1 11911.3 1 1781.9 6306.4 4962.2 16174.7 165220.5 1014018.6 229160.2 205605.2 62120.4 91.6 5261.4 2025.4 1156.8 22689 2433.3 8.1 4530.8 781 7062.5 11792.5 5.7 3942.6 2.7 40.3 4799351 886837.7 5760.2 74 244.5 19 5891.4 1556054.1 6666629.5 7816 772195.8 25082034 774.3 10.9 39940.1 134.6 94.5 21615.2 17.2 80.3 520.5 13648.7 127 2.3 1.5 6590.7 110.2 3 11.2 42773.3 1130.2 0
35.5 282.9 1583 5.1 61.1 1069 2.6 58.7 351.7 5.4 289 2093.8 4606.5 13649.9 27.9 2652.4 8707 5446.9 3708.6 21621.2 1012627.3 121110.3 83499.8 49231.1 299.8 2944.6 5071.3 2363.8 7162.7 1 15.1 10140 2799.1 1955.6 5713.3 6.5 8081.5 5.3 41.9 5087902.5 797289.9 17541.2 36.4 185.3 20.5 1583.8 5116359.5 4553519.5 5878.3 249798.5 10721393 627.6 25.6 111894.6 58.8 567 11879.8 61.7 155 449.1 27919.7 67.6 3 3 6603.4 42.7 63.2 17.1 66897.7 3125 0
49.4 202.5 1382.5 6.5 319.3 1297 2.6 146.5 480.8 6.3 334.2 2121.1 3399.4 14249.6 4.4 4334 13208.6 13310.1 7665.4 41615.7 1649309.5 122709.7 234628.2 49979.9 307.9 7258.3 2192.9 904.7 8747.1 201.2 30.5 2846 1844.5 3289.4 7201.7 8.9 3551.7 22.5 42.6 10127004 788354.8 24531.8 69.7 274.5 24 11901.6 826076 5321300 7789.6 247701.8 13918430 843.1 57.5 145176.9 83.5 1.4 17537.1 41.7 117.1 512.2 12100 58.4 3.3 3.3 7868 14.5 114.3 5.2 75634.3 3755.3 0
22.9 201 770.3 11.3 122 823.3 3.6 183.1 743.2 8.1 539.6 2054.6 3438.8 17832.8 10.8 4161.1 7217.1 26853.9 48662.7 47932.8 414980.1 45416 97324 37925.1 218.6 64035.5 24465 2118 4982.7 3834.2 7.8 2944.6 7631.4 5081 6281.1 9 3381.3 2.5 30.4 1443099.9 521052.1 20933.7 29.3 177.3 17.7 1283.6 53283908 2455399.5 3908.2 293621.6 22739194 1036.5 86.1 148721.6 43.6 90.1 13851.6 11 21.3 566 20534.9 53.8 3 17.8 5816.7 35.1 12.6 5.8 30736.7 2547 1
41.6 375.6 1455.3 4.4 198.6 1055.4 3.5 58.7 358.2 8.8 305.2 2079.7 3166.9 16591.9 13.4 7918.5 7561.4 19331 21364 25656.8 1092055.4 123133.9 288886.5 41183.8 259.7 8827.7 8113.6 4492.4 3237.8 80.2 15.8 5873.7 7241.9 3702.9 26487.4 7.7 4679.6 3.9 30.4 4377797 624469.3 8448.3 29.3 217.7 18.4 2869.3 716007.8 4968045.5 7735.4 346961.5 8565748 330.2 10.7 123476.7 39.4 2.2 13096.8 20.5 37.6 467 9517.8 23.9 3.4 2.6 6914.3 56.2 12.6 5.3 55963.7 3355.3 0
48.9 207 4260.4 0.6 178.3 834.7 8.7 54.6 872.8 6.7 321.2 2271 7734.1 20627.3 28.7 2350.9 10711 3114 20190.8 77806.6 1063438.8 137662.7 255258.2 37007.5 127.8 26476 7911.5 2574.5 10143 530.8 4.3 10835.4 3315.2 21267.6 8703 9 39684 5.8 62.6 4271092.5 760436.4 5533.6 25.8 185.3 17.7 13769.1 194785.9 5361054.5 6915.5 155634.3 39662328 1903.4 14.1 217811.9 35.5 1.3 48883.5 13.3 24.9 382 6469.9 78 3.6 10.9 7565.1 275.4 85.4 7.9 72492.3 4129.5 0
2248.6 583.6 4155.9 140.6 221.9 788.9 3.1 50.1 279.1 13.1 353.1 2830.1 5607.8 20968.4 21.2 5005.9 8477 11532.6 3368.3 70670.5 961827.1 162874.7 143558.7 50539 76.1 121359.2 33115.9 3815.8 10694.4 895 19 16326.3 2592.4 1716.5 4317.2 9 47443.4 92.8 39.1 5715309 527085.3 10206.3 47.3 201.4 19.1 1838.2 1032779.8 4640990.5 6772.9 207402.3 22435366 1175.1 1077 179961.6 41.4 825.8 22520.2 623.7 592.6 414.7 61992.4 157.4 13.8 3.5 9260 129.9 107.9 5.8 42966.8 4590.3 0
34.1 95.3 1862 6.3 130.1 704.7 1.3 114.8 252.6 4.9 271.3 12266.2 4567.3 283821.7 7.1 1969.2 7276 36746.9 3701 124828.9 1472779.3 234425.8 174552.4 71890.7 45.4 6305.4 2393.2 2819.1 7727.9 10 88.9 4226.8 873.2 2432.2 6346.3 5.7 17807.1 8 52.3 4722951.5 655744.9 6588 74 225 19 3359 931784.6 3723516.5 4612.4 366408.8 15369090 917.9 32.9 121312.1 109.4 45.6 25961.4 26.5 66.7 520.5 23495.8 92.8 2.6 2.3 2601.6 88.2 5.4 26.4 54288.4 2900.6 0
20.7 320.5 1629.5 6.9 251.2 1404.3 5.5 32.8 174.2 6.6 493.8 2994.6 4901.6 21212.9 25 3905.2 5045.4 26213.6 29844.8 27222.7 1126662.3 152471.3 486102.6 70478 1374.6 110776.3 29337.1 1229.2 3579.4 24.8 7 4414.3 4593 3646.1 26565.8 7.7 11722.5 6.1 39.1 4764070 442995.2 57268.4 36.4 185.3 21.9 1238.5 1624920.6 4004231.5 8195.6 456008.3 25702290 996.9 188.4 200577.4 39.4 0.9 21735.4 9.5 26.2 485.5 8388 273 44.2 9.1 8588.7 56.2 146.9 13.8 56547.5 3533.5 1
16.5 267.6 816.8 14.6 387 1787.5 6.6 100.3 121.4 3.6 470.6 2546.6 6531.3 17250 11.3 5050 5680.5 13999 3962.4 63339.8 943898.4 141157 110453.3 52676.8 93.1 67656.7 27199 4477.2 4357.1 444.9 51.7 2117.3 1849.4 2749.6 9635.3 7.7 24764.7 34.1 61.9 3629445 511062.6 8459.2 32.9 185.3 19.1 2174.2 1062097.1 5091904 5332.4 226989.8 11164523 1119.6 15.1 95588.2 35.5 1977.3 27240.9 9.5 17.1 414.7 6887.6 272.7 372.1 263.6 10871.8 114.6 179.6 47 65590.6 5779.5 0
14.5 50.2 1324.7 63.1 239.2 521.8 3.1 72.1 215.5 20.1 271.7 2375.8 2425.7 27765.1 10.1 3103.8 10480.5 22989.6 18541.8 41892.4 1402240.4 163335.2 314485.4 50371.4 74.9 10235.4 4537.4 4703.5 10782.3 1978.6 90.5 1547.6 1450.1 1432 14210 7.4 4210.2 80.7 183.1 2769261.3 1198950 4699.7 102.4 317.6 23.1 2586.8 929415.9 7851956 4070.4 353351.6 26968940 837.7 6.8 164297.1 20 2 19684 3.3 8.1 705.6 5115.4 19.9 2.7 2.3 6010.7 65.3 7.2 6.2 40602.5 2808.9 0
40.3 205 1114.9 81 348.6 1364.8 4.1 39.2 328.6 5.9 271.3 2758.1 5405 20858.4 26 3566.3 12837.3 6547 5049.8 60424 1104035.5 159865.8 115313.3 93127 118.8 12610.7 13062.6 4071.6 45973.7 4999.5 8.1 6456.2 2508.2 2006.8 5310.5 6.5 6067.4 4.6 44.3 5914743 866301.3 18895.1 94.1 264.3 19 3514.9 2202904.5 4412380.5 3181 313925.1 10252104 1045.3 79.4 116904 50.7 154.3 29808 29.8 72.7 520.5 35929.9 38.6 2.7 14 5684.8 86.8 59.9 6.3 39037.3 2628.4 1
49.4 149.8 1119.1 6.7 244 1006.1 2.9 128.1 357.8 6.1 312.8 2177.5 3143.4 13679 7.5 4472.8 9493.5 14806.5 7185.3 23470.4 1535876.9 124690.8 247437.6 50607.3 264.4 7486.9 2228.4 922.8 7679.1 269.4 32.9 2901.9 1871.9 3289.4 7122.8 10.5 3279.5 22.2 41.7 6014473.5 663013.9 29214.7 79.4 274.5 28 8516.8 673931.4 5024542 7266.8 255430.5 13467398 738.4 27.3 167348 49.6 1.7 16270.1 25 96 568 9639.8 53.4 2.8 2.1 6912.9 4.2 91.7 5.2 70987.6 3328.1 0
25.2 205 1564.3 1.5 246.9 979.7 6.8 191.5 615.8 6.3 361.1 1433.8 3778.7 7996.4 3.9 1599.3 9541.7 11055.5 5369.7 71872.5 672904.9 275432.6 144717.7 31760.4 116.4 65705.7 23662.6 3521.2 22815.4 3063.9 6.1 2898.6 899.7 5017.5 4273.6 7.7 25544.9 2.8 36.9 4224640 659500.4 4681.5 47.3 201.4 19.1 2286.2 1346915.6 3705120 3908.2 179954.5 9813233 1518.3 13.3 89210.8 74 166.1 23758.6 19.7 77.6 449.1 2458 75.5 18.1 31.7 6314.4 108.5 182 27.3 47023.4 3364.1 0
35.5 197 1259.5 1.9 305.8 1368.2 3.9 43.9 238.2 7.9 321.2 2285.5 4931 19050.2 3.9 4054.6 10444.6 12150.7 10275.8 88772.7 972072.1 129525.2 70025.6 52700.4 93.1 10930.3 6035.3 1490.2 4281.3 473.5 27.7 2380.9 2464 3475.1 8748.8 6.5 2210 6.1 92.6 6155835.5 567584.2 18776.6 34.7 201.4 20.5 2069.7 148967.6 7301599.5 4253.9 348626 17126168 956.5 18.2 139129 53.1 1.7 29448.2 8.1 23.6 485.5 8055.4 86.8 17 22.6 7890.2 109.8 137.7 18 57643.4 4093.9 0
41.1 212.8 3287 1.1 228.8 1254.3 6.8 90.7 622.8 11 334.2 2473.7 7212 14326.4 5.8 3240.6 12476.2 24251.4 22322.7 82297.8 1071258.5 37130.6 157787.2 84976.5 97.5 8541.9 5426.2 7560.7 8577.2 537.9 11.6 8754.3 4578.3 4307.3 10993.9 8.9 16495.8 7.5 32.5 9947474 826728.5 15316.5 55.4 251.7 23 6553.7 2632416.8 8388836 7847.2 403399.7 12912796 1745.1 58.1 124379.8 75.1 243.4 21005.9 43.3 103.3 414.4 24051 87.3 2.3 1.9 6651.2 176.9 2.8 5.1 31220.6 2980 0
1640.2 249.7 1601.9 11.3 212.4 787.9 6 60.6 274.8 7.7 323.2 2122.7 6439.3 17292.5 14.4 3448.9 10480.5 4802.3 6416.9 32931.1 792619.1 114812.2 79692.6 29292.5 121.8 40568.5 28306.2 2921 4446.8 1197.2 5.6 2361.8 1440.4 1199.5 8377.6 6.8 69447.8 9.2 70 4845936.5 684805.2 13918.5 85.8 317.6 26 1699.4 666718.6 4726472 4828.8 126107.5 8598546 1499.5 10.5 184071.7 32.8 76 23595.5 12.2 19.9 504.3 1543.1 49.6 3.1 2.5 5035 104.8 164 12.2 49957.8 2922.2 0
47.6 274.7 1972.9 45.4 251.2 1251.6 7.1 99.1 341 8.2 229.6 2806.7 3835.3 24271.9 6 8147.9 9544.8 5487.1 8090.2 78936.5 1160046.5 179493 189677.7 65109.7 98.5 81819.5 4352.1 5951.4 7535.8 787.1 3.3 2248.6 6567.3 1513 11781.5 5.7 37844.1 7.1 59.4 4528266.5 708139.5 16117.8 78 205.8 20.5 2088.5 1301089.8 4524499.5 5771 286382.7 35759828 919.5 72.7 115890.6 55.7 18.1 22434.1 14.9 20.8 566.8 13717.3 40.9 3.8 3 5435.6 118.6 33.2 5.3 49565 3329.7 0
41.1 249.1 1869.2 2.1 369.5 1442.1 5 42.8 317.6 1 302 2743.8 8284.1 24786.8 3.9 13497.8 8293.2 8039.7 6439.2 35860.9 1415479.8 25572.2 218927.2 52893.5 100.3 9241.8 5055.1 2120.9 15543.2 2055.9 9.4 2248.5 5531.1 4698.6 7450 8.9 15838.5 5.1 69.4 4525954.5 844207.8 7881.5 55.4 229.2 22.1 7806.4 2433573 6934731.5 9866.1 319892.5 27546640 977 34.3 94187 37.3 1.8 26157.5 9 22.6 414.4 7153.5 37.7 2.3 2.6 9406.4 115.5 5.2 10.1 70877.6 4661.6 0
34.3 416.7 2628.9 50.5 482.2 2868 4.8 591 317.6 17.4 334.2 2328.8 6492.2 16389.8 1.5 2222 4752.8 24742.2 23262.7 107602.8 1741196.5 296059.8 331326.9 91285.9 58.8 4054.3 3056.1 3705.1 7751.9 58 144.8 5248.2 2611.1 4786.9 14016.9 8.9 12564.1 77.5 627.9 18530188 744259.6 29696.5 55.4 229.2 24 4991.2 2643495 6516003.5 11560.7 414743.5 8024970.5 1882.5 83.1 47630.5 37.3 120.3 40121.8 13.7 43 512.2 23051.8 86 2.9 3.3 8843.6 93 4.1 28.1 52861.8 3681 0
1215.5 1327.7 6702 87.8 360 1075.7 1.7 69.8 1118.1 25.6 337.2 2492 4015 17050.9 52.6 8548.9 14117.2 10728.8 22214.3 217738.1 1030986 284065.2 125072.8 46551.6 303.7 7480.1 10397.4 511.8 3864 440.4 44.6 51138.8 3213.9 3081.3 10180 6.5 387.5 113.6 240.1 12349813 569202.1 8251.7 32.9 169.3 17.7 12152.3 427415.8 4511998 7245.8 432577.5 14816853 1409.1 148.9 136911.1 74 211.2 21200.3 489.2 792.5 382 35233.5 73.7 19.1 16.2 7357 79.3 28.9 6.3 53870 3207.2 0
47.6 351 2252.2 8.2 250.8 1754.9 5.3 169.9 425.5 17 434.2 1774.7 6630.6 19741.3 10.8 8253.9 8830.4 7082.9 24647 45147.6 1121692.4 148805.6 346556.8 62397.9 213.8 111267.2 26324.3 108.8 12055.6 2062.8 11.7 6537.2 6509.5 5793.8 13228.5 8.6 19639.1 3.2 51.5 3141725.8 794542.1 18338 104.3 454.9 29 1360.4 1686938.5 7167327 7264.9 334138.7 26233724 1651 40.1 239164.5 168.6 75 26681 11.1 20.8 1420.7 4223.6 122.6 11.5 10.4 6603.3 153.2 7 20.4 82182 2437.8 1
25.2 217 1536.1 27.2 211.5 901.2 7 91.9 580.3 10.1 289 2205.3 6114.2 18839.3 7.8 260.8 8102.4 7739.4 15346.7 87635.5 1007504.3 160618.2 100132.1 64404.6 279.9 66920.8 25798 4856.8 8035.2 129.8 6.1 3985.6 5642.5 3245.4 4688.4 7.7 15466.8 38.9 56.2 4872373.5 499629.5 16009.8 29.3 217.7 19.1 1875.5 3404951 3899367.3 5307.3 154599.7 19062062 1394.7 17.4 201120.3 28.5 112.9 30983.8 30 23.6 449.1 5850.8 110.7 28 33.2 8740.8 176.4 135.4 26.4 98622.6 4506.4 0
34.3 179.6 1508.5 7.4 193.7 1068.6 3.7 50 712.5 7.9 312.8 3482.6 3792.9 20100.7 10.5 1068.2 10281.4 6042.4 3095 52535.5 1017695.9 224213.1 171202.5 75022.6 108.8 8730.4 870.9 2348.6 4543.6 13.7 7.8 1855.3 2443.1 2670.3 6987.8 6.6 8189.8 3.4 56 6170830 712714.1 12400 64.9 274.5 25.9 51.6 1713853.9 3503495.5 5920.8 316305.7 14175572 1283.6 7.1 121890.8 45.1 0.9 25549.8 12.9 32.2 461.3 7442.4 49.2 1.8 1.9 7501 81.2 26.6 6.9 38536.2 3179.7 1
34.1 211.1 1585.9 2.1 242.3 1499.5 7.8 126.4 413.6 9.4 292 2422.9 5798.3 31081.3 10.7 3011.4 4059.5 3582.1 118800.4 316546.6 1248233.8 188215.5 78775.4 54404.6 136.4 26149 17659.5 3221.7 7804.7 5230 5.4 4526.1 1032 8815.4 5514.4 6.1 23843.7 7.5 92.3 46091688 1284189.6 35440.6 74 244.5 22.1 7755 2005477.3 7070426.5 4772.3 226851.9 27012742 1040.8 85 176438.2 46.3 19.3 44207.2 13.3 13 566.8 13811.6 180.6 37.7 48.9 12200.4 213.4 78.1 8.7 78374.9 5410.6 0
204.2 243.3 1982.1 1.7 63.5 678.2 2 76.1 389.7 6.1 250.5 1539 4192.5 7329.5 0.6 1096.1 8542.4 8810.4 5647.3 69225.2 1478117.4 144937.3 104477.7 56374.7 105.4 4809.8 2301.6 1920.8 11458.4 26 106.6 1000.7 1109.7 2326.8 3168.2 4.9 22455.8 0.4 53.1 7980373 622339.6 18043.4 74 205.8 19 79 298279.1 4380116.5 5524.9 249397.4 13525433 745 31.4 10204.2 61.4 63.1 28442.3 19.6 62.5 566.8 5016.5 111 3.4 2.2 6523.6 69.2 7.6 45.2 39493.3 3657.6 0
28.3 453.2 7168 27.2 131.3 1006.1 11.8 167.7 1472.3 17.2 572.9 3666.9 7989.1 13499.4 40.2 4305.8 8959.8 11843.1 127962 61856.4 1513594 344051.8 361182.3 81982.1 312.6 115232.4 79099.8 4584.6 29445.5 764.2 86.6 7417.9 12331.7 2982 31078.6 8.9 1896 6 29.8 1961432.4 638750.6 9510.7 89.2 274.5 24 4031.8 29541818 2868801.8 15177.6 539137.3 68264624 2613.5 23.4 132575.7 45.1 187.9 11071.5 7.5 30.2 703.8 32127.1 385.7 2.3 2.4 6572.3 221.7 2.5 16.6 5145.1 1862.6 1
1223.5 138.7 2727.1 8.5 511.3 1860.3 4.8 98 610.3 14.3 343.6 1755.6 3943.9 20531.7 15.5 7444.9 8797.6 3528.6 53570.8 47232.2 719102.4 91475.1 200073.5 32741 43 33060.6 10979.7 957.7 29836 1142.3 5.6 5995.1 3922.6 4218 5855.6 8.7 1822.8 2.2 38.3 5753561.5 920821.3 8577.1 136.4 293.6 26 8328.3 2803313.8 3527233.8 4949.3 272713.4 22274714 1263.3 42.1 107712.2 32.8 245.8 20570 4.8 10.7 504.3 8834.2 108.9 2.6 2.3 6333.5 159.4 33.9 40.6 52830.8 3106.5 1
57 140 2392.8 2.3 414.7 2432.5 4.7 67.1 172.4 7 281.7 2691.7 7045.3 25874.5 1.4 7166.9 5677.4 5827.4 9816 86601 1927296.8 166425.3 355358.6 79670.4 29.4 110273.2 33655.7 18927.9 7535.8 767.3 5.8 7892 1672.9 3339.9 6958 5.7 17805.6 2 82.2 5313615.5 997021.1 24133.8 78 244.5 17.5 6741.3 1289224 6024364 6586.4 286760.8 119734230 666.7 37.8 191385.1 46.3 14.3 24835.7 15.6 87.5 566.8 16603 269.6 4.1 61.7 5733.8 153.9 197.2 109.1 13604.9 3555 0
30.1 176.7 1573.6 21.2 417 1774 2.5 119.2 332.2 7.6 289 2048.8 5194.9 17008.3 1.4 3519.8 12950.4 6797.4 19874.3 38317.5 1064293 135226 54394.3 45777.6 61.1 85357.3 79723.8 69.2 5911.5 652.3 12.4 3329.8 5953.4 2492.2 746.6 6.5 4124.2 32.6 148.8 6620638.5 577101.6 21537.6 32.9 185.3 20.5 1087.6 211355.2 4414352.5 6725.2 153107.6 24561626 1150.8 49.9 89774 58.8 0.7 23508.3 12.5 37.6 414.7 21313.5 44.3 2.9 1.7 7635.2 35.1 130.8 11.7 34549.4 2998.1 0
594.7 384.5 1739.8 135 168.9 983.9 5.1 80.2 495.7 5.6 229.6 3124.8 4228.1 21493 60.5 2217 9245.5 7496.6 4515.2 91804.6 1637775.1 363542.7 64815 60042.5 129.8 8527 4216.8 2057.8 8649.9 43.4 41.3 6927.3 3075.2 2114.2 2835.3 5.7 21858.1 7.1 50.7 3159693.3 612496.8 5164.7 86 264.3 20.5 4238.6 1211504.8 6550561 4708.5 215779 10327585 1104.1 20.6 140515 46.3 39.6 29129.5 26.5 56 566.8 21876.8 166.1 3.8 10.4 6094.5 143.3 69 13.7 50251.3 3344.5 0
41.6 180.8 1274.5 3.5 295 643.6 2.5 86.1 446.7 11.3 776.4 1539.5 5748.1 17662.6 30 1722.6 5876.8 7830.4 8969.7 45242.6 574575.4 75951.5 61666.7 44454.2 315.6 9689.7 8262.3 1908.2 34634.4 4970.4 13.8 5008.8 8780.6 1134.4 15841.4 6.5 1660.8 6.6 27.5 3532700 486785.6 20118.9 60 201.4 20.5 3034.1 744307.8 6191696.5 2997.7 574519.8 20014078 1432.5 35.3 139590.9 35.5 48.9 12715.7 11.8 32.8 524.3 19837.4 202.9 97.3 63.1 11258.1 156.5 3.4 30.7 108099 4771.5 1
43.8 201 2651.4 7.7 202.7 1196.7 5.3 153.3 407.6 4.7 271.3 2087.9 7981.3 12279.2 10.5 2592.2 9707.1 5323.9 17545.2 98062.9 1348095.8 128129.8 299689.8 77500.2 425.6 11073 8642.2 4628.3 12132.7 120.7 15 3459.1 2326.7 1744 13462.3 11.7 17596.7 16.2 45.1 5549804.5 642080.8 8511.4 90 284.3 17.5 4366.9 1488866.5 3875472.8 8031.3 394767 13207792 1915 111.5 138133.6 46.3 299.4 19145.8 7.8 16.7 520.5 2210.2 258.9 2.8 24 8061.8 203.1 73.5 12.9 61353.7 4512.9 0
34.3 44.4 1815.5 2.1 293.6 1771.1 6.9 80.8 331.1 6.1 418.8 2833.4 4725.6 17069.2 8 7462.1 11732.5 42581.1 22402.9 29842.2 1302892.5 96420.1 152396.6 42220.1 100.3 73975.6 25277 1605.6 9742 1283.3 10.9 4097.1 3049.6 6551.4 10841.9 10.5 20344 3.7 40.7 13735033 710356.6 16884.2 79.4 251.7 24 2208.2 751149.4 5299833.5 8953.2 360442.9 15873986 1335.5 61.6 118847.6 45.1 35.4 34504.3 12.1 28.4 461.3 13914.3 97.1 2.8 2.1 7123.1 136.4 47.7 10.9 69234.9 3589.2 0
41.1 208.7 1084.9 0.5 227.2 1159.4 3.2 79 144.8 5.2 258.7 2076 2834.7 22930.5 100.6 2782.5 8489.1 5624.2 18217.8 55688.8 785446.7 18208.6 146479.6 48086.7 103.2 36901.8 16142 1405.9 4056.4 1315.3 4.2 4164.1 10343.2 1991.6 9057.1 11.6 12847.5 4.5 48 7678427 746976 23255 67.3 251.7 20.3 2074.5 370902.4 4601522 4273.8 329837.3 18412654 348.9 129.8 127411.4 231.1 0.6 17615.8 19.1 53.6 461.3 8208.9 134 2.4 3 9679.6 58.1 14.4 25.2 47108.3 3257 0
30.1 108.7 1573.6 2.6 233.9 1680.6 2.9 83.8 90.1 6 305.2 2643.4 5272.9 21252.4 24.1 1400.2 5477.1 6072.6 1404.7 47932.8 968657.1 117706.5 103448.7 42408.8 68.7 10181.3 3259.5 2088.4 6404.4 267.2 1.9 1745.2 3068.1 1211.9 9070.3 7.7 9651.7 2.5 34.7 8615438 689235.5 7274 34.7 234.1 21.9 5384.5 692932.7 6071253.5 3935.1 187809.4 5134762 944.2 17.5 206092.7 43.6 27.4 27168.4 24.9 65.7 524.3 7521.8 195.1 40.7 67.6 9653.5 153 61 22.2 79745.1 4072.2 0
143 380.8 2453.7 5.6 235.6 1397.4 3.8 109.6 564.4 5.2 271.3 1286.5 5380 11039 0.7 2055.5 5947.7 1330.9 4155.8 100313 1174348.3 142984.1 40515.8 45825.4 105.4 7951.1 3955 1117.5 6748.6 516 8.1 2971.1 3091.1 5279.7 4450.5 6.1 14510.1 6.8 35.4 4009987.3 849570.8 4365.1 84 284.3 22.1 20276.1 5734316.5 5981917.5 4141.9 119698.7 32046976 1530.1 14 37074.6 220.5 2.3 20099.2 58.5 189.1 617.7 1708 125.7 1.9 2.2 5135 151.1 37.6 4.9 41760.3 2925.2 0
34.1 313.2 1585.9 1.1 283.6 1168.9 4.5 44.7 371.5 4.1 292 2701 3324.5 21841.6 6.6 3661.3 7276 4072.9 3791.5 57199.2 732643.8 155550.9 1133633.3 80776.2 1104.1 4039.2 3931 2140.1 6326.3 204.6 6.3 669.1 687.4 2006.8 29924.6 5.7 19904.9 3.6 44.3 11933377 635182.2 48100.5 86 225 19 3028.7 276202 4603542.5 7089.2 633974 8475048 1016.4 73 91823.6 42.2 148.5 18078.8 14.1 31.9 520.5 8770.8 397.7 38.9 103.5 13270.3 160.4 153.6 12.9 55302.1 4341.1 0
309.8 372 1254.5 2.8 214.7 1135.4 4.2 49.4 562.4 4.5 353.1 2080.2 3884.5 16314.4 60.2 3681.8 11716.4 7883.4 10119.2 52547.1 581029.1 100574.4 365252.1 32951.5 606.5 13339.8 3219.5 2639.9 4774.2 178.9 7 7273.9 5706.7 3110.3 35549.4 6.5 12173.6 13.6 44.8 5128117 545122.8 31933.7 54.5 201.4 16.4 3176.6 659205 5024876.5 8514.5 321090.6 16651528 999.1 149.3 202929.4 31.9 89.6 20677.2 24 52.6 611.4 41692.1 87.8 28 8.1 8501.8 88.7 7.8 7.1 109869.8 3462.9 1
28.6 66.8 993.4 0.2 129.5 883.4 1.5 30.6 172.4 5.9 292 2181.1 5449.9 21180 4.5 4926.6 7775.4 7145.6 9095.8 52601.2 880108.4 103858.6 189206.9 35362.5 203.6 5364.4 4310.9 761.9 57404 116.9 3.3 1443.1 1589 2865 15566.7 6.5 2946.1 1 35.4 3220221.5 753494.8 9918.7 88 205.8 17.5 5688.8 669343.1 5037231 3405.1 344340 4396556.5 958.5 16.2 96789 38.4 1.3 19928.3 10.3 16.7 498.7 406.7 31.2 2.9 2.1 6951.5 93.6 69 6.6 50844.4 3036.3 0
4043.9 5541.1 14899.6 5.3 1116.5 6492.5 5 56.9 8751.2 2.4 334.2 2111.9 2419.1 14351.4 1894.6 16489.7 58031.2 7986.5 29157.3 24779.2 840714.4 128982 42449 21219 2062.2 6802.2 3620.1 2054.1 125992.5 2573 6 914714.3 252.5 2479.1 2936.1 10.5 3092.3 28.1 13.1 1503691.5 662390.4 4757.5 69.7 251.7 24 9403.1 699503.9 3696693.5 3046.8 164059.5 17417298 688.5 182.3 118001.1 534.4 267.3 7029.8 1386.7 1764.3 512.2 118589.8 51.9 1.6 1.6 4205.6 2.7 2 3.8 26910.8 2191 1
34.3 268.9 1932.2 2 220.7 806.8 6.4 36.3 742 4.3 291.3 2166.2 4897.8 19362.2 22.9 3729.5 11306.1 4589.8 9247.6 18012.4 868771.7 56255.9 95578.6 36730.6 478.1 6740.6 1660.1 4385.1 8625.8 19.4 6 5260.5 1677.2 6338.5 9206.6 7.6 6455.9 4 20 3297711 636458.6 24273.3 64.9 297.8 28 8516.8 1321516.3 5432162 5767.3 276106.6 7458265 1476.3 54.3 111296.8 54.5 97.1 5902.3 7.5 76.3 568 12784.1 94 3.4 2.7 5882.5 55.6 52 13.3 72339.8 2467.3 1
19.8 292.9 1146.5 15.9 344.4 1477.2 4.9 33.1 169.1 9 302.6 3505.5 5135.5 25500.9 21.7 4602.2 11511.8 6522.2 3387.4 44049.2 1227285 165252 499742.8 102104.6 724.1 26700.8 9638 1916 5582.8 328.4 4.5 3390.1 4353.6 2112.1 9422 8 19002.5 6 45.8 9424745 998285.4 18434 99.6 341.9 22.2 5740.6 1000690.6 6488564.5 6219.3 469101.7 12780965 822.8 150 119360.1 20 1.1 52869.4 5.7 13.5 562.6 52515.9 227.5 12.2 3.1 9150.5 90.1 8.4 11.3 77563.3 4040.8 0
28.6 211.1 1038.1 5.3 144.5 1426.4 3.3 94.7 252.6 5.3 250.5 2366.9 3947.9 18380.6 17.8 4694.4 7101.7 8780 14552 47893.5 1092394.9 173194.5 290010.4 38314.5 825.3 5580.1 2566.1 3557.8 17818.7 54.9 31 1257 2472.6 1780.6 6656.8 5.7 8396.9 24.1 49.9 5395559.5 544037.4 18355.2 78 205.8 17.5 1133.3 294232.5 3671539.5 5832.2 297758.2 22413522 612.1 52.3 216566.8 38.4 75.6 33589.7 19.6 28.5 520.5 14823.9 214.8 15.8 33.2 9706.8 78 124.9 14.1 68084.5 4585.9 0
