40.3 421.1 2045.9 18.6 207 1312 5.2 60.8 495.7 14.4 434.2 1698.8 6704.7 19224.1 26.7 3311.7 9544.8 6052.6 34956.3 52601.2 950384.3 146293 241709.4 40327.9 549 119640.3 29644.2 3947.6 10900 5538 13.2 4166.8 1801.1 2623.7 18535.2 6.5 51967.7 22.2 68.9 7040376.5 687831.5 31233.2 78 225 20.5 3230.6 1114671 4736748 6883.1 318409.1 14589458 1940.7 93.9 244129.9 68.3 112.8 28711.8 25.6 25.7 675 6887.8 164.2 23.7 60.4 5760.2 187.1 24.6 25.5 57391.3 2531.9 0
40.3 317 1427.5 2.6 136.2 678.2 4.4 28.5 265.6 5.9 271.3 1961.8 5698.9 17536.2 1.7 2371.4 11088.8 7247.2 12372.1 74122.6 1506738 220446.8 247928 60526.8 375.9 124287.8 57051.7 2082.2 5942.3 1495.9 8.1 2077.5 3599.6 2536.9 10225 7.5 5877 4.6 48.3 3797642.5 744477.6 8013 86 225 17.5 1753.9 806126.3 5375189.5 7410.7 581669.9 150462580 1071.2 16 127797.5 42.2 2.2 33589.7 9.6 20.8 617.7 3601 169.9 3.3 19.1 9372.7 99.8 46.4 12 44415.2 5185.3 0
41.1 396.5 2944.7 1.2 578.6 1448.8 5.3 130.7 659 5.3 408.3 3288.1 6033.8 30069.6 12.3 2678.8 6189.2 8313.6 5719.3 27342.6 1637462.5 207932.5 272828.8 68268.8 85.9 22793.3 16736.1 2424.6 6902.1 828.5 7.3 6500.8 978.3 1021.9 15879.4 7.6 8856.1 1.5 22.5 24645338 755771.4 14808.3 72.1 251.7 24 2308.3 1311218.4 5105638.5 6012.5 687220.9 21388350 975.9 29 112232.1 39.1 60.6 34256.5 8.3 53.6 414.4 42517.1 154 2.2 2 6760.3 153.4 6.4 15.7 70493.1 3205.8 0
995.7 158.4 2593.2 20.3 171.4 892.3 5 64.8 932.3 22.4 439.7 2370.6 3103.1 13810.2 18.9 2874.8 9319.1 6638.9 18813.9 56729.1 1013377.6 145617 72632.7 47022 103.2 21411.7 5274.9 2369.9 12532.6 2674.5 7.8 5589.8 3756 3911.6 4180.7 6.6 2805.4 1.5 33.5 1130789.1 757359.9 4420.5 69.7 229.2 18.5 3271.1 63652936 3564997.8 9920.8 259538 16685726 883.6 264.3 138347.8 91.9 80.9 9808.7 29.8 96 392.1 26775.8 32.8 1.2 1 6476.7 70.9 188.6 12.5 76282.9 3112.5 0
35.5 619 3513 25.7 25.3 618 8.7 343.7 1058.9 5 747.5 1150.4 15899.1 17764.6 13.7 1437.4 5828.3 13064.2 13405.3 53197.4 611549.6 93651 569359.9 54121.3 1334.1 8893.7 2496.2 3365.3 10979.7 682.1 5.2 10942.7 4710 3503.7 26487.4 6.5 4399.7 11 26 1865605.8 757548 25945 40 185.3 20.5 1193.3 54083092 4269483.5 10248.8 645229.3 5221851 1528.2 85.1 138851.9 31.9 290 5472.4 19.7 29.2 449.1 37988.9 157.4 11.7 12.7 8661.6 64.7 5.6 18 43734.4 4001.4 1
41.1 233.1 2094.2 2.2 229 529.3 3 53.5 561.8 10.3 418.8 1281 5253.9 11524.1 1.1 1980.1 13784.1 5586.8 3422.6 54643.2 873951.1 230159.5 142465.8 39336.8 149.9 74762.3 31390.5 1799.4 6440.5 3799.9 2.6 7636.8 1828.9 9259.3 12703.4 8.2 28068.3 21.4 33.5 6823643 908286.7 9137.2 72.1 286.1 25.9 72.2 8568634 5723397.5 10220.7 582773.6 25273792 1342.6 46.2 111764.6 134.5 134.4 47377.4 23.1 84.5 512.2 19076.1 17.4 3.3 6.3 7337.4 157.6 22.4 11.7 55534.2 3740.6 1
40.3 286.3 3259.2 1.7 176.6 642 5.1 76.7 484.2 4.7 271.3 3355 4060.2 22356.8 21.3 1077.4 9446.1 52078.9 9845.8 53264.4 1345821.5 161025.1 302237.5 64030.6 65.5 237303.4 23835.3 8850.2 6595 52.3 7.2 5447.2 1646.4 1807.9 11660.9 7.5 18740.3 6.4 103.1 4738110 654197.9 7558.1 90 244.5 17.5 2964.4 1160701.9 3417204.3 7177.2 306576.6 20675312 1596.7 37.8 147101.8 61.4 150.2 28179.5 117.2 128.9 617.7 20280.6 328 2.8 8.5 5807.2 104.7 192.3 23 46276.6 2719.4 0
20.7 139.1 973.2 2.4 207.7 528.6 1.8 105 181.5 3.3 305.2 1615.6 1607.3 19112.9 10.3 2717.5 5876.8 20480.1 17506.5 33265.1 831176.6 100482.2 215467.5 45355.7 50.8 46654.5 29506.3 1825.7 10105 439.3 12.4 2111.9 180.2 1965.9 8565.6 6.5 14348.9 6.6 13.1 1500530.3 735229.4 1726.1 36.4 217.7 25 2271.3 1888130.4 4818732 5804.5 277778.5 18929504 872.1 14.2 111941.3 109.3 89.1 13017.4 11.8 45.4 524.3 12621.2 61.6 3.5 2.6 4328.1 37.6 89.8 5.3 46002.9 2453 0
41.6 180.8 1274.5 3.5 295 643.6 2.5 86.1 446.7 11.3 776.4 1539.5 5748.1 17662.6 30 1722.6 5876.8 7830.4 8969.7 45242.6 574575.4 75951.5 61666.7 44454.2 315.6 9689.7 8262.3 1908.2 34634.4 4970.4 13.8 5008.8 8780.6 1134.4 15841.4 6.5 1660.8 6.6 27.5 3532700 486785.6 20118.9 60 201.4 20.5 3034.1 744307.8 6191696.5 2997.7 574519.8 20014078 1432.5 35.3 139590.9 35.5 48.9 12715.7 11.8 32.8 524.3 19837.4 202.9 97.3 63.1 11258.1 156.5 3.4 30.7 108099 4771.5 1
19.8 483.2 2026.3 16 175.9 1364 3.5 44.1 597.6 5.2 261.3 1994.7 9922.1 14898.9 47.4 6573.3 22123.3 11487.6 11939 36360.9 892869.6 78086.3 259578.9 49327 92.9 110632.7 27181 3166.9 12530.1 3 6.6 10521.4 1875.4 2602.3 11969 7.4 10987.5 5 39.2 4911265 940562.3 17451.8 102.4 281.8 28 4144.2 1900531.1 6440819 4112.1 306473.3 19947536 678.2 62.8 128872 49 60.2 23546.5 71.3 199.4 504.3 18188.6 42.5 13.4 4 8391.7 68.7 19.4 13.5 52961 3071.8 0
1076.6 334.6 1810.6 64.6 379.3 1639 2.7 42.8 175.4 20.5 366.1 2306.8 5809.7 18984.2 3.6 5103.5 12110.1 6134.7 9221.9 55688.8 1060889 180644.7 62513.9 32407 49.4 126090.3 23901.5 3253 12920.9 390.5 41.8 14641.4 2096.6 1236.3 2042.9 10.5 8093.4 98.8 51.6 4699916.5 840564.9 4659.7 84.3 369.6 44.7 2740.8 602033.6 6838722 5488.6 332528.7 21017654 1050.7 295.7 177489.1 3106.8 1568.4 23398.4 258.1 499.2 795.1 85324 37.4 1.6 1.2 6639.4 67 5.9 4.5 31950.6 2827.2 0
28.6 207.1 1315.6 9 49.6 421.9 6.7 72.5 115.1 5.2 229.6 3256.3 3433.5 17482.5 10.5 3215.3 11903.5 9007.7 2545.5 35146 834917.4 127970.6 86573.4 78305.7 140.7 44204.8 24969.1 31.4 8284.9 1443.4 15 2755.5 1437.5 3222 7647.9 7.5 57331.4 7.5 90.7 6442218.5 678194.3 17846.5 90 244.5 22.1 3175.6 621789.3 3130802 2595.7 161920.2 7435621 1020.6 25.7 181961 34.8 554.3 40818.2 17.2 28.5 591.6 12911.8 211 7.4 33.9 7480.2 69.2 59.9 13.7 58614.5 4408.7 0
34.1 90.6 1325.9 10.9 148.1 814.9 3.9 51.6 353.2 10.9 229.6 2171.5 4658.1 20976.7 11.3 3231.1 8468.9 3328.3 21119.8 111378.2 1538458.8 158746.8 326759.9 61531.1 103.1 108393 41782.6 2629.1 11419.9 2180.2 27.6 1618.2 828.7 2467.1 12673.9 6.5 21778.5 8.6 64.2 10268849 1082698.9 9061.7 76 225 20.5 1548.3 1215468.1 6142646.5 5999.7 315359.1 15861702 993.1 20 102767.8 38.4 3304.2 36087.8 11.1 16.7 566.8 9053.1 169.9 29.4 18.3 7516.4 226.6 177.7 50.4 60981.6 4003.6 0
54.5 30.8 2127.1 14.7 250.5 1254.3 7 66.1 561.8 10.1 397.8 3063.1 9361.2 25529.2 11.3 3780.9 10556.7 6893.3 6597.4 18012.4 1014241.3 129736.3 243904.5 56342.9 455.7 79131.4 23605.9 1445.2 10470 1549.3 6.9 3618.5 7593 3270.9 6516.8 8.9 33820.9 14.5 53.4 5567959 626631.3 10352.2 69.7 297.8 27 6798.8 1431492.3 5584804 5828.8 179267.4 18394944 1806.5 59.9 163581.8 33.7 73.7 26858.3 10.6 25.3 461.3 2394.1 29.3 2.4 2.6 10077.2 186.6 160.5 10.9 45628.5 2601.2 0
41.1 138.9 1208.9 5.5 386.2 2275.3 5 65.4 276.4 7 312.8 1973.3 4665.5 17756 1.4 3312.6 11012.5 14806.5 2766.2 34680.5 945166.9 123039.9 357515.3 55448.2 181.5 6565.4 5857.7 1999.5 9450.9 311.6 11.2 2126.4 1930.1 4047 19435.1 8.9 11206.3 1.5 33.5 30327130 960656.3 43765.3 64.9 297.8 24.9 8947.6 814055.8 5646585.5 8276.4 345044.1 8443958 987 75.9 160709.3 49.6 6.7 29198.5 12.9 37.2 512.2 1335.9 92.8 3 12.7 9702 71.5 43.4 11.7 60529 4347.4 0
34.3 188 2070.6 2.2 153.2 611.5 2.2 63.5 283.3 5.1 291.3 3033 7706.1 21023.3 24.6 3120.1 14250.7 7416 13357.1 135514.7 1323732.1 258145.3 153510.2 65125.4 165.8 112933.4 51378.3 2190.7 4933 115.7 8.6 3742.7 2045.7 4164 3931.9 7.6 82062.8 3 40.7 7759251 956357.6 19933.8 79.4 321.3 30.2 8845.4 4285009 7048147 5332.4 208100.4 11247431 1486.7 37.3 148081.7 35.4 113.2 47598.7 10.6 22.6 795.1 4803.2 40.3 3.4 2.9 8748.8 149.3 60.7 16.1 47405.3 3905 0
20.7 121.9 1152.9 8.5 104.5 421.2 1.2 110.7 78.3 3.4 384.8 1798.8 6540.9 14799.4 13.6 5232.7 11883.6 8755.4 19307.7 51894.7 1168551.5 174490.1 65569.2 33518.6 11.7 43131.5 29010.8 53986.1 3617.4 1271.1 27.7 3165.9 4598.1 3341.3 6158.3 7.7 7348.6 14.3 33.3 3261586.3 694182.4 1700.2 47.3 201.4 20.5 315.6 1900433.5 2960804.3 4902.2 170530.8 30377960 928.2 11.9 68489.2 22.1 0.9 17048.7 8.1 17.1 414.7 20186 29.7 3.9 2 5082.1 61.5 101.1 4.5 26552.4 2278.6 0
995.7 118.9 1975.4 0.8 350 958.1 7.3 59.6 344.5 3.7 312.8 2649.2 5246.6 25729.7 23.6 2231.2 9791.3 3597 10972.1 55688.8 1376316.6 225116.5 129748.8 85626.1 61.9 9809.1 3552.1 2923.7 4348.7 51.8 18.3 8876 4220.7 2050.9 8130.6 10.5 10432.1 7.5 33.5 5579697 851285.7 20910.1 69.7 274.5 25.9 2563.6 353278.8 6238667.5 7818.4 320779.6 19319046 1335.5 46.5 159476.4 35.4 1 28858.5 25.9 65.5 461.3 38734.3 309.1 75.2 41.7 13648.1 221.7 123.5 26.4 110496.8 4475.1 0
48.9 207 4260.4 0.6 178.3 834.7 8.7 54.6 872.8 6.7 321.2 2271 7734.1 20627.3 28.7 2350.9 10711 3114 20190.8 77806.6 1063438.8 137662.7 255258.2 37007.5 127.8 26476 7911.5 2574.5 10143 530.8 4.3 10835.4 3315.2 21267.6 8703 9 39684 5.8 62.6 4271092.5 760436.4 5533.6 25.8 185.3 17.7 13769.1 194785.9 5361054.5 6915.5 155634.3 39662328 1903.4 14.1 217811.9 35.5 1.3 48883.5 13.3 24.9 382 6469.9 78 3.6 10.9 7565.1 275.4 85.4 7.9 72492.3 4129.5 0
57 1520.8 3037.3 1.4 49.8 879.5 6.7 130.8 353.2 10.9 312.6 2333.9 5070.1 21518.5 6.4 12191.4 11004 3392775.5 9879.9 96932.8 1356815.9 192201.8 80158.5 66376.5 217.8 336967.9 42692.9 6799.5 12711.1 116.3 19 4703.4 5271.6 3255.8 6088.5 6.5 27935.9 5.7 19.5 5310091.5 771412.5 7418.2 92.1 244.5 17.5 4990.4 895748.9 5606271 6496.8 239390.1 14056133 1511.9 43.4 199339.9 48.4 174.6 25122.6 16.4 20.8 566.8 13237.3 65.3 13.7 11.3 6334.3 228.1 82.7 12 67854.2 3328.7 0
14.5 196.6 1501 40 296.8 2078.3 6.7 34.3 215.5 18.9 363.9 2861.7 3470.5 22074.8 46.2 2825.8 10005.7 7456.3 9684.6 41892.4 1208191 149287.3 436039.2 66907 1009.2 16669.8 3791.7 4029.3 121771.3 1333.5 12.7 7144.3 3218.5 1584 24239.1 8 4261.5 25.5 73.7 7017222 858959.1 31447.9 102.4 341.9 28 6896.8 1080439.8 3299964 6749.3 501999.4 13618125 1001.1 30.7 93967.7 17.1 126.7 11244 5.6 13.5 705.6 18269.8 598.6 48.3 34 7521.4 75.6 81.7 16.1 73972.7 3609.7 0
28.6 66.8 993.4 0.2 129.5 883.4 1.5 30.6 172.4 5.9 292 2181.1 5449.9 21180 4.5 4926.6 7775.4 7145.6 9095.8 52601.2 880108.4 103858.6 189206.9 35362.5 203.6 5364.4 4310.9 761.9 57404 116.9 3.3 1443.1 1589 2865 15566.7 6.5 2946.1 1 35.4 3220221.5 753494.8 9918.7 88 205.8 17.5 5688.8 669343.1 5037231 3405.1 344340 4396556.5 958.5 16.2 96789 38.4 1.3 19928.3 10.3 16.7 498.7 406.7 31.2 2.9 2.1 6951.5 93.6 69 6.6 50844.4 3036.3 0
30.1 130.5 1193.8 8.8 215.1 578.6 2.3 113.9 319.1 7.2 289 1727.2 3914.7 18100.9 2.7 2694.5 10059.6 9335.2 23241.5 19950.1 1239993.9 112920.9 162366.7 34560.7 42.8 5737.8 2206.2 4796 5759.9 3202.1 41.2 1906.3 1372.7 1996.7 8268.5 7.7 1963.5 22.3 73.1 5091540.5 691588.9 4644.9 31.1 217.7 21.9 4089.5 1773157 4419459.5 5482.5 234065.4 13027195 944.5 13.1 155896 43.6 485.7 23439.9 10.3 21.3 449.1 8844.5 24.5 10.7 3.2 7215.8 107.1 144.6 15.4 42727.4 4019.6 0
594.7 384.5 1739.8 135 168.9 983.9 5.1 80.2 495.7 5.6 229.6 3124.8 4228.1 21493 60.5 2217 9245.5 7496.6 4515.2 91804.6 1637775.1 363542.7 64815 60042.5 129.8 8527 4216.8 2057.8 8649.9 43.4 41.3 6927.3 3075.2 2114.2 2835.3 5.7 21858.1 7.1 50.7 3159693.3 612496.8 5164.7 86 264.3 20.5 4238.6 1211504.8 6550561 4708.5 215779 10327585 1104.1 20.6 140515 46.3 39.6 29129.5 26.5 56 566.8 21876.8 166.1 3.8 10.4 6094.5 143.3 69 13.7 50251.3 3344.5 0
45 196.3 2655.5 6.6 218.1 1125.7 5.2 148.9 449 4.8 334.2 2661.4 8304.7 16962.6 1.8 2775.6 9406.7 5087.3 19744.9 68848.6 1295080.5 138267 305187.1 67580.7 259.5 10082.1 9300.7 4431.1 12022.9 86.2 13.7 3787.4 2638.9 1630.3 15928.2 25.2 16761.1 21.9 33.5 6005724.5 882913.9 18805.1 64.9 251.7 22.1 3039.3 1484687.8 4581675 9259.7 372484.9 11992745 2017 112.4 120623.5 45.1 308.6 18965.6 9 21.3 568 3705 210.2 2 2.1 7532.2 142.5 47.7 9.3 61210.5 4011.4 0
143 51.8 671.1 3.8 243.2 798.4 2.8 52.3 59.7 5.6 302.4 1936.2 4111.1 16818.5 2.5 4022.9 9707.1 13862.4 31171.9 45838.2 1314005.1 132986 48323.4 53421.5 70.4 57527.4 13313.8 3916.6 16422.3 779.7 4.4 1802 3640.3 2238.6 4510.9 6.5 1441.3 4.3 33.8 3352741.3 556956.6 13925.7 90 304.5 25.4 1322.7 604281.3 2969530.8 2357.3 181169.8 150557710 476.1 34 140971 34.8 1 18593.8 8.9 16.7 741.9 5154.2 21.1 3.8 14.9 6436.1 41.6 10.1 7 29634.2 3032.1 0
25.2 296.1 2153.9 22.9 259.8 1434.1 2.6 98.1 402.9 11 337.2 2225.9 6770.1 16610.2 12.4 2096.9 7058.7 10247.4 7647 60219.7 790585.4 118304.5 184849.9 53126.4 406.2 7662.4 5259.7 7174.4 6518.1 1342.4 28.3 2551.6 4675.7 1831.4 13646.4 7.1 18742.3 50.4 71.7 5446180.5 379916.9 10543.7 32.9 217.7 21.9 2241.4 1003460 4786930 7456.5 233771.2 8717707 1100.9 18.4 188425.1 43.6 355 27292 9.5 29.2 524.3 14023.3 46.4 5.7 28.8 12775.7 188.6 144.6 18.8 150299.5 5654.8 0
28.6 388.1 3259.2 14 265.6 1671.5 3.5 204.2 501.5 17.4 312.6 1944.8 8443.9 7037.8 6.8 7070.8 8759.3 5356.6 5237 101433.1 2229517.3 138640.9 45749.8 102799.4 225.9 231455.3 44633 1610.9 30837 2343.9 32.2 4878.3 8438.8 6193.6 3820.6 7.5 61455.7 7.3 39.5 9423293 803642.9 45130.5 70.1 225 20.5 4037.1 1087176.3 5075492 6030.1 252452.4 21082134 1298.9 80.3 176134.2 42.2 0.9 30433.3 11.1 18.7 477.7 2819.2 338.6 31.8 46.1 10485.4 306.7 3.6 46.1 67394.3 4944.9 0
28.3 261 2584.3 71.4 216.7 1655 6.2 55.6 190.4 9.8 1023.3 2275.7 3111.2 28096.7 9 2976.5 11160.3 4386.4 76539.5 48249.1 825173 245991.7 380328.4 104244.4 1376.6 113184.6 46698.9 1926.7 27608.5 817.4 8.6 3480.1 8179.8 7538 6617.5 7.1 4916.3 2.1 28.9 7618864.5 919712.3 28672.7 60.1 251.7 22.1 1423.7 45826228 2959815.8 11666.4 458326.8 69122736 1111.9 83.1 148951.9 108.8 292.3 34256.5 15.8 37.2 370.6 6654.8 585.7 60.2 2.9 8180.5 115.5 34.9 65.7 59954 4134.9 1
74.4 453.7 1585.9 1.6 259.2 1819.2 4.6 79 316.2 6.8 312.6 2902.4 4435.9 20349.1 10 6127.1 8900.9 6547 9167 99751.7 980692.4 165224.7 110645.9 57591.4 40.2 14155.6 6314.5 1202.1 9668.7 1251.6 28.2 3299 2504.3 2761.9 9161.9 6.5 19085.9 7.5 68.9 7225191.5 828346.1 10950.1 90 225 25.4 1902.9 1511756.6 5251765.5 3456.4 341643.5 8833621 839.2 34.4 188395.8 229.2 164.2 28074.5 23.9 36.3 520.5 10156.3 235.7 3.2 17.4 9323.8 108.8 101.3 15.8 35726.8 4267.2 0
34.3 105.3 1044.5 378 380.6 933.6 5.2 178.8 113 6.7 334.2 2772.2 2949.1 26026.9 8.1 4847.9 12476.2 3130.3 5241.2 43856.7 1308535.5 134779.8 92883.4 31858.9 88.8 40275.8 55362.4 4314.5 12920.9 699.1 8.6 2239.6 2479.1 4190.9 4604.9 7.6 20608 3.4 35.3 3664424 784215.5 6014.5 94.1 345.3 25.9 4329.4 299124.9 7795060 5269.7 187964 83424632 452.8 25.7 167879.3 45.1 17.8 23290.3 15.4 28.4 795.1 4451.3 79 1.6 1.4 5540.4 19.1 105.3 3.6 45137 2702.2 0
25.2 220.9 2209.5 3.6 12.7 677.1 2.8 98.1 691.6 337.2 353.1 2898.5 4852.6 19722.3 22.6 498.8 11250.1 6331.2 41616.7 18240.3 1042087.5 103156.5 418379 33518.6 752.7 69625.9 24536.7 1772.6 17590.7 2339.4 2.6 3149.1 700.4 1611.1 42484.1 9 23722.5 6.6 41.9 4462969 435672.8 8336.3 58.2 185.3 16.4 2405.7 1955229.8 3800128 6195.8 424100.2 7108141.5 963.8 44.9 93338.8 43.6 218 18915.6 11.8 26.2 485.5 3506.4 82.2 3.1 42.4 4137.2 152.3 5.7 18 103688.1 2070.7 1
43.8 201 2651.4 7.7 202.7 1196.7 5.3 153.3 407.6 4.7 271.3 2087.9 7981.3 12279.2 10.5 2592.2 9707.1 5323.9 17545.2 98062.9 1348095.8 128129.8 299689.8 77500.2 425.6 11073 8642.2 4628.3 12132.7 120.7 15 3459.1 2326.7 1744 13462.3 11.7 17596.7 16.2 45.1 5549804.5 642080.8 8511.4 90 284.3 17.5 4366.9 1488866.5 3875472.8 8031.3 394767 13207792 1915 111.5 138133.6 46.3 299.4 19145.8 7.8 16.7 520.5 2210.2 258.9 2.8 24 8061.8 203.1 73.5 12.9 61353.7 4512.9 0
34.1 255.1 2296.4 21.2 124.4 1119.4 8.4 43.6 708.8 12.3 1610.7 1522.3 3531.8 14949.4 5.1 1092.4 9898.3 3521.1 8481.1 39515 751304.5 143701.5 49214.4 99864.1 456.4 5112.7 7481.5 8669.3 11670.3 3019.7 8.9 3725.8 1521.9 2589 6625.7 6.5 3133.7 6.4 15.4 3896229 539866.3 25940 78 244.5 19 6936 53983128 2396855.3 3777.4 262177.1 43622144 913.8 73.9 224673.6 34.8 2.4 21406.6 22.1 20.8 617.7 5549.6 177.4 4.1 14.9 10384.9 85.4 7.6 4.1 61229.6 5060.4 1
47.6 227.3 1200.6 2.8 42.6 687.1 6.7 36.2 226.5 1.1 260.9 2368.7 3671 20068.3 5.1 520.9 9040.3 5568.4 13015.2 80721.9 1018888.7 102266.3 111527.9 74453.5 155.7 5361.7 3601.7 969.7 7919.9 141.3 7.2 3354.7 1255.5 925.8 9300.8 6.5 3912.6 5.3 45.9 4783949 1121163.1 14165.8 84 225 22.1 1171.3 159242 5360749 4644.5 316795.6 13738708 868.9 46.5 112749.3 34.8 43.2 24999.6 8.9 16.7 566.8 15846.1 170.2 2.5 2.5 8856.4 42.9 6.1 9.5 50346.1 2921.1 0
49.4 86.7 2664.4 16.3 148 784.7 1.8 719.8 610.7 6.8 323.5 1604.9 2900.1 14065.4 23.1 1741.4 12863.5 12903.8 10535.5 34680.5 263794.1 244033.4 75701.3 23393.8 68 102759.8 54411 1185.3 8771.4 1553.3 9.4 6427.5 1092.2 2850.3 6561.5 8.9 3084.7 4 14.5 997045.3 602616.4 3726.9 79.4 274.5 25.9 921.4 39585564 2919214.5 4273.8 26212.5 22840184 1398.9 22.6 110190.6 66.9 113.9 18181.1 24.5 92.2 461.3 11653.8 36.8 1.2 1.9 1142.3 65.8 5.4 7.3 17200 800.2 1
30.1 108.7 1573.6 2.6 233.9 1680.6 2.9 83.8 90.1 6 305.2 2643.4 5272.9 21252.4 24.1 1400.2 5477.1 6072.6 1404.7 47932.8 968657.1 117706.5 103448.7 42408.8 68.7 10181.3 3259.5 2088.4 6404.4 267.2 1.9 1745.2 3068.1 1211.9 9070.3 7.7 9651.7 2.5 34.7 8615438 689235.5 7274 34.7 234.1 21.9 5384.5 692932.7 6071253.5 3935.1 187809.4 5134762 944.2 17.5 206092.7 43.6 27.4 27168.4 24.9 65.7 524.3 7521.8 195.1 40.7 67.6 9653.5 153 61 22.2 79745.1 4072.2 0
2190 2236.1 7340.8 90.3 414 4142.2 10 77.2 4142 37.2 353.1 5873.5 6660.3 37357.1 449.7 5434.1 32303.6 8223.2 8470.6 102145.2 632589.5 427681.9 183508.7 61234.3 125.6 4981.6 4989.9 2506.2 14449.6 212.7 35.7 681052.6 4830.5 1914.3 22641.8 7.7 18720 84.9 234.7 5698187 566004.1 9926.4 19.2 201.4 17.7 12726.9 4466095.5 4237396 7057.5 245104.8 11781364 1618.2 354.3 177180.6 74 541.4 23455.7 801.2 1121.9 414.7 65049.9 170.6 22.4 2.3 9177 246.6 98.9 18.8 61877.5 4604.5 0
1851.7 183.8 1102 3.1 202.2 1029.7 5.1 68 175.4 4.6 376.7 3603.6 3644.2 22855.5 9.1 5593 10556.7 27217.5 9633.1 43856.7 1094162.8 207742.9 202065 57351.8 315 35487.5 39724.5 3803 5298 107.9 5.6 9777.6 2022.2 2488.7 3351.5 7.1 20127.8 12.8 38.9 4878853.5 698281.5 17614.3 69.7 297.8 24 6209 2337187 5503358 5890.2 225403.9 15450287 164.2 69.6 139599.4 75.1 174 29884.9 22.2 80.5 512.2 22273.2 90.4 2.1 1.1 7464 89.1 67.3 7.3 57927.2 4127.9 1
20.7 130.5 1694 13.4 94.6 1377.3 5.2 67.2 251.9 7 353.1 977 1737.4 9969.9 27.4 2738.6 10815.8 13977.8 3701.4 26442.9 596939.4 167389.7 53033.1 35406.7 174.2 63226 35360.1 4268.4 3522.5 945.7 23.5 17703 3385.8 2808.5 5447.5 6.5 39970.3 6.1 46.2 6719576 686338.4 16006.7 31.1 217.7 19.1 1606.3 6600961.5 3855446.8 5951.9 134930.4 14876233 849.5 78.3 97555.1 53.1 123.3 28662.9 33.5 65.7 449.1 31977.2 27.7 3.2 2.1 4600.9 24 10.7 3.6 24031.9 2542.8 1
40.3 161.4 1772.9 19.3 178.4 713.5 2.1 52.3 413.6 7.9 271.3 2747.8 7380.5 23250 44.5 4431 12111.5 9836.3 2102.2 31390.7 1422515.4 144777.8 71300.2 47253 176.8 20791.7 17487.8 5979.7 17915.7 126.7 13.9 4037.1 618.7 3373.5 3424.3 6.5 18097.1 14.7 77.5 1197602.8 950290.9 4103 86 225 22.1 7717.7 492140.3 6760947.5 5307.8 230565 12867855 976.2 19.3 168939.5 46.3 71.4 9802.4 27 25.7 566.8 9737.2 53.6 1.8 2.1 1675.2 110.2 4.7 4.1 28012.4 1109.2 0
14.5 50.2 1324.7 63.1 239.2 521.8 3.1 72.1 215.5 20.1 271.7 2375.8 2425.7 27765.1 10.1 3103.8 10480.5 22989.6 18541.8 41892.4 1402240.4 163335.2 314485.4 50371.4 74.9 10235.4 4537.4 4703.5 10782.3 1978.6 90.5 1547.6 1450.1 1432 14210 7.4 4210.2 80.7 183.1 2769261.3 1198950 4699.7 102.4 317.6 23.1 2586.8 929415.9 7851956 4070.4 353351.6 26968940 837.7 6.8 164297.1 20 2 19684 3.3 8.1 705.6 5115.4 19.9 2.7 2.3 6010.7 65.3 7.2 6.2 40602.5 2808.9 0
49.4 162.7 1524 1 212.3 986.2 3.6 66.1 561.8 4.2 291.3 2164.1 3367.6 16622.3 18 1657.6 12863.5 17445.4 24010.7 48249.1 1024605.5 208880.4 135592.7 62523.8 219.8 58163.7 33206.9 2610.1 6562 183.8 4.2 6037.6 4705.9 1278.5 10503.5 8.9 12798.9 4 56.9 8182282 659152 33237.2 69.7 251.7 22.1 5057.4 707045.9 4954668 5457.4 320125.9 15616024 886.4 19 84606.3 75.1 1.5 22382.5 30.8 110.3 461.3 7731.2 89.7 3.4 8.2 8214.7 130.3 69.5 12.9 57617.1 3067.1 0
25.2 117.5 879.3 0.7 376.1 677.1 0.7 53.2 224.2 1.9 321.2 1217.1 3011.6 9883.5 1.5 1121.4 7295 26860.6 24083.4 63339.8 949874.6 101035.6 72031.4 41603.6 182.8 15667.4 15759.3 1660.7 4489.8 1751.5 8.6 1897 1417.6 1472.6 3753.5 7.7 2542.9 4.4 31.8 3971045.3 560773.3 22969 47.3 234.1 17.7 3779 1152215.8 4440263 6796.7 241113.2 18472306 589.7 55.2 110076.6 53.1 1.8 18544.7 15.6 24.9 566 10679.9 132.7 11.7 5.1 7235.6 80 3.4 12.9 54045.8 2946.7 1
25.5 247.6 1894.2 3.5 436.5 1905.2 1.6 68.8 169.1 6.6 353.8 2485.3 4910.5 19729.1 6.8 2956.4 9159.2 13179.1 14095 81178 1253794.9 172146.3 173756.1 45364.9 116.1 70666 23278.6 3246.7 13249.7 2089.8 4.5 8048.3 6664.3 3990.2 6909.2 8 11493.5 3.6 33.5 5893965.5 1227267.6 10239.5 85.8 341.9 28 2187.3 2395174.8 4832411.5 6561 214748.2 19089012 980.1 29.5 62725.4 92.5 215.2 29153.6 8.3 19.9 665.2 33391.7 25.2 2.5 1.8 9497.5 93.6 42.3 4 62586.7 4493.4 0
30.1 422.3 3893.2 14.5 52.6 368.1 2.7 184.3 238.2 4.9 369 3571.2 5282.6 19704.4 52.5 1842.6 10281.4 4326.1 4072.1 36175.5 826904.8 139501.7 31194.2 25136.7 148 11169.8 3860 4011.6 9212.1 155.7 36.2 13907.3 671.8 3475.1 1907.9 7.7 15652.4 22.3 53.4 510735.8 585008.5 369.3 54.5 217.7 20.5 13364 2056015.1 5462058.5 3854.5 57852.5 14513472 1533.5 18.2 225628.4 91.6 330.3 8705 60.7 148.3 524.3 33116.4 46.7 6.7 22.6 1824.8 356.4 89.8 21.8 29406 605.9 0
49.4 241.1 1898.4 3.5 267.8 1462.3 2.8 35.9 160.3 4.3 334.2 1481.2 5157.9 11904.8 25.4 7911.2 17140.4 10000.8 8342.8 90634.3 1031515.5 179370.2 286888.7 62904.1 108.8 6676.5 3876.6 2394.2 7217.8 103 4.2 3183 978.8 2060.7 11639.3 8.9 1039.9 0.9 34.4 7005210 822897.5 10.3 74.6 229.2 20.3 2707.6 232802.8 3840907.8 11322.1 557412.1 16264582 1462.7 45.1 41857.4 37.3 36.8 17324.5 25 48.5 414.4 27277.8 32.2 3.3 14.4 5808.5 124.9 56.3 21 83066.8 1932.6 0
34.3 225 2962 4.7 568.9 2429.8 6.8 141.1 248.3 7.5 302 3284.4 5518.4 23452.3 9.8 8437.6 7781.7 16083.3 8704 58794.5 1433771.5 165314 119213 83303 136.4 112656.3 42402.7 5128.7 13989 487.8 16.4 4084.2 920.3 4378.8 3383.6 7.1 56810.6 4.8 65.8 6367060 794449.3 33192.2 64.9 251.7 22.1 1649.2 1010685.9 4425698.5 10734.1 300717.3 25187630 1617.2 64.1 82700.2 35.4 53.4 24559.2 6.8 23.9 414.4 5074.2 26.1 1.7 1 9229.1 74.7 34.9 6.9 62632.7 3604.8 0
1223.5 138.7 2727.1 8.5 511.3 1860.3 4.8 98 610.3 14.3 343.6 1755.6 3943.9 20531.7 15.5 7444.9 8797.6 3528.6 53570.8 47232.2 719102.4 91475.1 200073.5 32741 43 33060.6 10979.7 957.7 29836 1142.3 5.6 5995.1 3922.6 4218 5855.6 8.7 1822.8 2.2 38.3 5753561.5 920821.3 8577.1 136.4 293.6 26 8328.3 2803313.8 3527233.8 4949.3 272713.4 22274714 1263.3 42.1 107712.2 32.8 245.8 20570 4.8 10.7 504.3 8834.2 108.9 2.6 2.3 6333.5 159.4 33.9 40.6 52830.8 3106.5 1
34.1 270.8 1995.8 10.2 328.4 1574.2 4.6 69.5 1118.6 7.8 312.6 2624.9 4461.2 20681.8 69 1410 7012.9 14357 9321.8 74122.6 943277.8 134419.3 38857.3 101465.5 203.6 16437.3 8092.5 1262.6 6921.4 8.3 29.9 11076.5 2666.2 1988.9 3602.3 6.1 4805.7 19.2 65.7 8799878 567868.7 36290.5 86 244.5 20.5 4990.4 742059.1 5337877.5 4076.2 167847.8 5298062.5 1002.2 26.1 68516.6 50.7 31.7 29218.6 51.9 117 566.8 13803 65.3 7.4 18.3 7647.2 103.3 82.7 5.7 45647 3678 0
35.5 62.4 1132.2 2.7 66.8 962.1 2.2 74.7 383.8 10.9 369 2267.7 2928.4 17403.2 29.5 2617.9 10444.6 15898.6 46031.3 35454 858511.1 84306 217771.4 42817.5 58.6 8289.9 14557 2577.5 33074 100.1 161.1 3259.7 1561.6 1483.3 6314.6 7.7 7956.6 8.2 96.7 4173070.8 656320.7 16268.1 54.5 234.1 20.5 1193.3 459622.9 3684810.8 6244.3 227365.2 34123168 703.1 42.2 147938.7 91.6 1.6 26632 18 57.2 566 104872.8 305.5 7.7 92.8 10688.1 128.5 2.6 50.5 92159.3 3060.3 1
40.3 194.8 1366.8 0.3 97.2 773.4 2.7 39.6 158.5 2.7 271.3 2161.6 2225 17695.6 4.9 1686.7 10085.9 6348.3 2954.9 75937.1 883470.8 222480.2 140164.3 48240.1 606.6 111936.8 34963.4 1298.9 6268.7 5895.4 8.1 2750.4 1432.6 2449.7 7710.9 7.5 19353.4 3.9 32.2 1533135.6 641648.7 1616.1 70.1 225 17.5 75.8 1849064.9 5030306 3163.6 304599.3 15109616 948.8 22.2 142592.4 55.7 12.4 13491.8 16.4 23.1 566.8 18948.3 197.3 2.1 3.1 4654.9 76.6 87.4 7.9 42266.4 2631.4 1
25.5 96.2 1601.9 4.3 123.9 1832 2.7 37 57.4 3.2 323.2 869.9 3296.4 9821.7 0.9 1647.3 10557.6 3865.8 5477.1 52413.1 949194 277328.4 103079.5 42061.8 357.3 11010.8 9903.6 1304.3 9085.2 36.4 8.9 1526.3 131.8 1210.7 2996.5 7.4 9915.3 1.1 23.1 4859301.5 850523.4 5467.1 113.6 341.9 22.2 1699.4 2007629.8 4002050 6200.2 281085.7 17735514 818 32.9 136256.2 54.1 231.1 26471.3 9.4 21.1 628.4 1132.1 61.8 2.4 2.1 6225.7 81.8 29.7 12.2 45873 3231.1 1
35.5 151.8 1820.9 19.4 124.9 500.4 0.8 49.7 396.5 8.9 539.6 2721.2 4705.1 14041.8 1 3850.3 6385.1 10779.7 30515.6 26442.9 809815.6 156198.8 269286.1 45285.5 321.5 13181.6 10742.9 361 28243.5 2590.3 51.7 4027.7 860.7 3013.4 16194.5 6.5 3859.6 19.3 52.7 8491233 478035.1 33883.6 49.1 201.4 23.4 4914 574041.4 2795754.5 5357.5 298572.4 38421044 1099.8 94.4 97086.9 48.1 1.7 31237.5 19.7 42.9 449.1 12185.8 122 3 1.5 2873.5 136.1 74.2 7.9 82286.9 831.5 1
405.7 248.3 1517.2 0.4 176.8 1082.4 0.3 49 828.1 4.8 272.9 1830.4 1726.1 12339.9 1.2 2675.4 9600.7 22501.4 4846 31036.8 917431.7 41308.7 233249 51707.5 40.1 32069.4 21456.3 788.1 13456.6 600.1 2.6 2492 3645.1 2896.6 8337 6.5 10929.9 9.5 34.7 5224906 582827.9 7190.7 36.4 185.3 16.4 2338.5 670067.8 5056090.5 6171.5 336001.8 14920282 765.4 15.3 22887.8 284.9 1.4 20164.8 60.7 196.3 414.7 5138.1 149.5 15.9 31.7 12373.8 66.1 8.2 18.8 46536.9 4896.9 0
57 227.3 3283.6 5.3 222.8 632.8 29.6 35 5823.7 5.9 414.2 2570.1 5897.7 24624.4 3.7 5483.3 9961.2 4141 4741.2 40230.4 1905422.9 153235.1 86573.4 41544.4 267.4 15365.6 10619.2 2399.6 15086.6 3399.5 4.4 4858.3 2190.9 5000.6 26074.9 6.5 105018.3 9.3 48.3 4893075.5 752940.1 10208.1 442.9 284.3 22.1 3927.2 5374314 5796226.5 2900.4 229429.6 14531984 3453.3 33.6 203190.6 46.3 6.7 20914.1 12.6 25.7 958.2 629.1 224.4 24.8 73.4 9559.9 350.9 50.9 54.7 194516.1 4100.5 0
1250.5 157.2 1472.6 5.1 111.6 1203.6 4.2 86.4 389.7 6.8 292 1937.1 4039.8 20659.2 14.3 16399 6598.2 4571.2 21721.5 67365.2 821476.6 122678.4 163582.6 45734.8 105.4 196370.8 19390.4 9222.5 3676.1 1656.5 7.6 2646.5 2608.9 2873.5 6006.3 6.5 57618.5 13.4 41.9 3580900.5 861843.4 6022.8 78 225 17.5 1473.2 3327153 4913019.5 4596.4 271855.6 43799528 1235 29.1 119944 46.3 1.8 27106.5 11.1 24.3 520.5 8599.7 194.5 2.7 8.5 3820.8 115.8 117.8 7.9 34240.2 2005 0
781.7 217 1373.1 31.6 240.2 1024.8 4.7 46.5 532.4 11.9 313.2 623.6 3535.6 5395.2 0.6 1348.3 8609.2 9275.9 9636.9 41124.7 818360.7 153161.5 121691.8 64765.9 141.3 8605.9 6638 2426.1 3807.1 11.9 7.8 978.6 5448.9 2611.4 4002.2 5.6 6312.7 5.5 44.8 11530531 778066 24213.1 32.9 201.4 19.8 2480.4 457595 6052945.5 4671.1 234738.3 10693847 1192.7 14.6 63950.2 58.8 142.1 27491.3 17.2 81.3 414.7 366.9 215.6 3.6 2.9 8068.3 71.3 117 14.2 32118.3 4234.4 0
49.4 208.7 1771.2 14.1 120.8 982.2 4.7 49.3 449 12.8 366.1 2746.3 3319.8 12644.6 1.4 3907.1 11521.3 8997.3 22978.1 105852.1 990925.1 232445 315254.2 69148.6 568.4 6472.8 1659.1 1866.1 9693.5 1.5 5.1 2545.6 4197 2507.9 19272.6 8.9 15745.2 32.7 31.6 10818863 733267.5 23267.5 60.1 251.7 20.3 3690.1 1092142.9 3990940.3 8048.1 628503.8 11454364 1563.8 23.8 41590.5 108.8 145.3 19637.1 32.9 142.6 392.1 3583.7 106.8 1.6 1.5 4758.5 48.1 4.6 3.8 35620.7 1475.3 0
47.6 303.7 1615.1 4.5 189 1638.3 4.7 46.8 226.5 12.7 292 2107.9 4678.3 15359 18 4158.6 10975.5 23846.8 10062 49925.5 1012894.8 162144.6 88550.4 77074.2 82.3 10173.9 1803.2 2204.2 3272.3 751.6 7.2 3220 5148.7 2414.6 8523.5 6.5 6286.1 4.3 10.3 6499074.5 746598.8 15644.2 78 205.8 19 1379.2 435713.4 5160717 3163.6 371040.1 16714842 1035.2 38.3 164987.4 84.6 36.5 26631.6 22.1 64.6 520.5 9643.2 569.9 48.5 67.6 13676.3 167.6 127.3 18.3 92798.3 4306.3 0
47.6 198.9 1397.3 1.3 196.9 1076.3 5.3 75.2 213.2 6 271.3 2056.8 3000.4 17517.6 5 9086.2 9040.3 14835.5 8118.8 61701.1 848360.1 142067.4 268744.8 36641.2 304.2 110196.8 29747 840.2 23295.4 526.8 5.4 2350.7 1625.6 2149.8 14301.5 6.5 27097.6 5 53.9 4047832.8 703198.2 2607 110.5 244.5 22.9 3597.4 1300616.5 3842741.8 4321.7 281984.8 17665130 1174.2 49.2 111685.2 38.4 111 26373.9 19.6 41.6 566.8 10481.3 179.6 5.4 58.4 7329 106.1 57.6 9.5 98223.5 3287.8 1
49.4 257.1 2713 48.6 436.6 1465.6 6.1 52.5 144.8 7.9 312.8 2944.6 1084.6 28425.7 40.4 7297.5 8774.6 5370.9 28024.3 66871.3 1464280.6 180597.5 82419.3 86926.7 23.1 2153.6 5738.3 1747.9 10882.5 211.9 9.4 7710.3 2057.9 2584.5 4659.5 6.6 3096.1 48.7 97.5 12162404 749872.9 23482.8 74.6 297.8 29.1 1310.4 271686.9 7042065.5 8162.4 576375.1 11711755 907.2 66.8 132491.9 117.4 1 20410.2 77.2 190.3 568 24071 28.7 2.3 2.7 6654.3 93 8.1 12.5 25279.7 2555 0
41.1 212.8 3287 1.1 228.8 1254.3 6.8 90.7 622.8 11 334.2 2473.7 7212 14326.4 5.8 3240.6 12476.2 24251.4 22322.7 82297.8 1071258.5 37130.6 157787.2 84976.5 97.5 8541.9 5426.2 7560.7 8577.2 537.9 11.6 8754.3 4578.3 4307.3 10993.9 8.9 16495.8 7.5 32.5 9947474 826728.5 15316.5 55.4 251.7 23 6553.7 2632416.8 8388836 7847.2 403399.7 12912796 1745.1 58.1 124379.8 75.1 243.4 21005.9 43.3 103.3 414.4 24051 87.3 2.3 1.9 6651.2 176.9 2.8 5.1 31220.6 2980 0
1249.6 1553.9 3942.2 39.5 367.6 1889.3 6.5 129.5 1102 26.4 400.5 3483.7 4680.5 21685.8 81.6 2442.3 5779.5 11301.6 1298.9 83624.9 1308955.9 227167.4 41336.2 72341.3 71.2 58455.2 16811.8 5700 4489.8 39.7 19.9 10809.4 4269.7 2974.5 4951.5 5.6 28766.9 81.6 185.2 4862086.5 545405.8 23777 29.3 201.4 19.1 583.1 1306037.1 5861463 4902.2 187610.1 2339947 1159.3 422.2 155161 428.9 838.5 17803.8 551.4 616 431.6 17335.9 299.1 33.7 31 11205.8 148.8 67.6 23.5 81735 3959.3 0
35.5 259.9 2340.5 5.3 305.8 804.3 8.2 71 446.7 7.8 629.9 2099.3 7866.5 16792.1 27.8 3288.4 10308.7 8822.5 113708.5 31036.8 1141192.8 166375.9 556744.1 46762.8 597.5 60212 21369.7 1743.1 6139 2066.2 8.6 6137.3 6632.9 2974.5 23754.8 10.7 25862.5 5.5 27.5 7418915 584681.2 24052.3 25.8 185.3 17.7 2405.7 934450.1 3077482 11626.9 406655 21548248 1198.7 34.6 194054 31.9 414.5 27060.4 12.5 23.6 382 16322.8 108.8 28 12.7 4888.4 106.4 103.4 12.1 48930.5 2554.3 0
267.5 198.4 2276 17.8 202.7 824.2 6.2 83.7 598.6 15.9 987 1521.1 4025.6 12004.9 1.3 3092.3 11012.5 4386.4 17234.5 43856.7 1170712.9 183713.6 61611.9 44894.6 94.6 30642.2 26084 3582.9 15446 142 26.4 5732.5 8625.5 5772.3 3458.5 9.7 2833.1 11.7 30.7 1476367.4 908433.3 11869.7 64.9 274.5 24 10090.3 11193286 3377722.8 6676 74961.2 88859352 1117.1 24 113888.8 83.5 15.1 9559.4 21.8 96 568 5645.4 21.3 1.4 1.6 6030.7 44.3 4.3 3.4 44254.6 3212.3 1
31.9 230.8 1424.1 4.2 415.1 1774.9 0.9 26.4 520.5 3.6 323.2 1822.6 5778.2 16804.4 1.6 2593.1 10480.5 7975.8 7023.7 28199.2 742840.7 97344.4 622703.7 61024.8 166 14130.3 5243.2 1119.4 10525.2 913.7 5.6 2962.3 1511 1616.3 30375.2 8 5641 12.5 30.7 9349938 1330272.9 13053.3 113.6 293.6 27 7740.5 1133714.8 4786571.5 5640.7 435927.8 13572336 1291 12.6 80395.9 44.5 1.2 27347.8 8.3 37 628.4 3405.8 247.7 24.5 2.8 7813.8 111.2 4.5 26.3 30313.1 2990.1 0
35.5 213 962.3 1 175.2 930.1 2.1 50.4 251.9 0.5 321.2 1633.1 2918 10653.8 12.5 2316.7 8641.9 10057 13966.3 23258 767073.6 143824 59112.4 41055.6 247.5 10571.3 6393.7 2106.1 34041.3 113.2 7 3797.3 3747.8 2581.7 4273.6 6.5 12245.3 4.4 24.5 4259424.5 419108.4 11027.4 40 185.3 20.5 2428.1 1012721.2 4232172 2768.1 214197.8 9295014 700.8 30.8 176861.3 109.3 322 23450.4 16.4 65.7 504.6 11316 35.5 9.7 14.5 7800.5 59.5 37.3 23.9 51597.6 3814.6 1
25.5 129.5 1418.9 1 150.7 981.2 3.3 56.1 468 5.3 271.7 1998.5 3246.4 17582.1 1.1 6446 9759.6 5172.4 24004.1 49322.1 1532433.4 168447.4 212510.1 80156.4 155.1 258831.8 41219.1 2549.1 15588.6 574 8.5 1078 1618.2 2682.7 7768.1 8 17753.2 1.6 103.7 6281080.5 923535.6 35058.5 108 341.9 28 4166.8 407619 6312302.5 4989.3 362353.2 98516592 1049.7 142 63421.1 36.5 1.2 23416.5 4.4 13.5 562.6 3666 58.5 2.1 1.8 8225.8 68.1 55.3 36.1 9533.7 2809.9 0
260.6 274.7 1566.4 10.5 270.1 1285.3 2.9 99.6 226.5 4.2 250.5 2162.5 2252.2 18239.2 9 6203.4 9379.7 23085.6 13283.4 63603.9 1328392.9 145615.1 127362.4 64019.1 134.2 47373.8 25889.2 3687.6 6671.8 287.4 15.3 11180.8 1193.4 1409.9 4229.8 5.7 6203.9 11.9 65.7 6276414.5 802933.8 9616.5 78 205.8 19 2107 269033.9 4929267 3743.8 168136.4 19649114 1301 144.7 174918.2 76.4 1.2 35182.5 87.2 163.1 437.8 25190.6 40.9 1.7 1.3 5298.4 85.4 42 4.6 20788.9 991.4 0
35.5 143.4 845.4 7 366.3 1065.6 1.3 81.1 195.9 9.9 305.2 2253.7 3637.1 17164.3 13.2 4094 5876.8 15884.7 10090.9 56418 832458.1 75021.2 86837.9 16499.1 23.6 112665.3 34648.1 747.3 5248.1 2079.4 120.4 1688.2 1700.3 2611.4 3120.1 7.7 2137.4 13.8 71.7 2518190 531530.1 4506.7 40 201.4 19.1 1351.3 202273.3 5597595.5 2020.1 112761.5 159866030 669.3 15.4 35035.1 43.6 1.7 26652.7 30.5 29.2 524.3 9463.7 93.3 7.7 14.5 6347 38.9 92.1 6.3 18563.1 3081.8 0
35.5 213 2719.1 2.4 511.6 1356.1 7.7 82.6 538.4 8.3 305.2 1742.4 3586.4 13117.9 1.2 5595.7 7098.6 2894.8 29481.5 57692.5 1529000.1 172599 488270.1 73635.6 354.6 13151.4 3933.8 2738.1 8547.6 1016.3 10.9 2419.8 8881.9 3245.4 10191.6 6 19014.7 6.3 66.1 6901931 669894.7 18341.9 25.8 201.4 21.2 7752.1 3613528.5 7108643 7292.7 321830.6 16226734 1541.8 13.4 135339.1 31.9 25.4 89748.6 7.4 15.2 485.5 1801.5 164.8 40.7 3.5 11960.3 251.8 182 18.8 33320.1 5761.4 0
25.2 160.2 1629.5 5.6 148.7 441.6 3.1 46.8 332.2 82.1 946.3 1811.3 5418.7 8911.4 21.9 1688.9 6937.4 5883.6 16326.8 35454 800842.2 73764.8 21374.3 17007.6 279.9 11101.5 5806.1 1490.2 15252.6 1247.3 10.2 2184.3 174.4 6712.4 2294.3 6.5 2467.3 12.5 31.8 3928214.8 698042.5 7703 47.3 234.1 19.1 1463.9 2835973 5776428.5 878.5 40987.3 20450898 882.3 18.6 167037.8 37.4 39.8 6564.7 11 29.2 544.7 15140.2 285.7 2.3 2 1651.9 47.8 4.7 3.4 56980.1 1458 1
22.9 166.9 1883.8 15.3 86.2 1435.3 5.7 67.3 317.6 8.6 501.7 1486.1 2351.5 12997.3 41.8 2854.1 12508.9 14757.5 4227 49330 803584.6 217704.2 61158.1 46233.3 274.2 64844 37042.3 4655.2 5176.4 1110.2 30.5 23550.8 3578.6 4307.3 6081.7 8.9 44869.9 9.5 67.6 6675859 947949.2 15091 74.6 274.5 28 2829.3 8672738 4848064 7442 199285.5 24599784 939.8 107 89317.8 54.5 103.6 26477.7 49.4 113.7 512.2 43270.9 57.8 3.3 32 6011.1 70.9 10.4 11.7 44450.4 2647.4 1
41.1 183.8 1253 0.9 330.5 1110.6 1.8 62.2 262.4 2.6 334.2 2109.8 4210.1 19542 19.4 13487.6 8092.5 3161.1 10616.1 173606.5 1202748 114307.6 354023.1 49377.8 596.5 61434.9 10747.7 1757 10227.3 423.1 6.5 1603.1 6716.2 1497.2 13072.1 8.9 37353.1 3.4 64.1 4558917.5 569249.9 35532.2 62.5 251.7 24.9 1128.1 163024.9 3841192.5 5206.7 310649.8 12992296 791.5 94.3 62016.2 41.1 54 12838.7 17 37.2 370.6 6175.5 73.2 2.8 2.3 9023.1 78.6 60.7 8.9 42595.4 3175.3 0
31.2 311.7 3325.1 150 447.1 1084 6.3 131.4 344.5 49.6 682.5 2871.2 8970.7 18321.6 8.9 3143.2 10862.7 6902.4 112508.9 54643.2 1547243.4 396630.5 315749.1 72894 780.4 10056 7421.8 3913.2 23893.5 1254.3 74.4 7151.6 8721.6 1517.8 14064.9 7.6 1102.2 152.1 315.4 4766047 732919.8 44668.9 60.1 207 20.3 33516.1 4266101.5 5316111 10084.6 330592 29638860 1758.7 85.8 152551.6 37.3 19.9 18883.7 9 20.1 461.3 7462.4 40.9 2.8 2 8004.5 85.1 5.4 14.5 67984.4 4039 1
48.9 313 2285.8 0.7 115.4 1374.2 3.5 154.7 604 8.2 337.2 1392.6 3884.5 7884.5 1.2 3484.7 13420.8 5661.9 8435 33998.9 937068.4 144375.8 24486.3 48054.7 139.1 10688.9 6036.5 2316.3 6139 406.3 23.2 2460.4 2592.9 4615.4 2388.8 6.5 25030.3 0.5 27.5 4426227 606446.3 11523.2 40 201.4 20.5 5376.8 392200.3 5035742.5 4463.5 62014.1 11398947 1551.1 12.3 157090.1 172.8 111 21776.8 23.5 110.3 524.3 446 151.1 15.9 32.5 11398.4 146.7 182 19.6 93085.4 4096.2 0
34.1 140 1179.4 0.9 155.7 756.5 4.1 46.1 365.4 5.8 292 2519.8 5723.8 20490.3 13.4 13461.5 7571.4 4064.4 8080.6 74728.7 1224462.5 146931 251811 52873.3 121 92807.4 24434.7 2094.4 6806.2 2552.2 7.2 1932.6 2016.3 2623.7 18873.6 6.5 18489.3 5 43.5 4451386.5 697415.1 19374.1 74 205.8 22.1 3450.7 431627.4 4155664.3 5617.5 307050.2 12068132 1194 30.5 139045.7 46.3 165.9 17244.4 15.6 46.7 566.8 6527.9 230.2 21.4 57.1 10655.4 161.1 82.7 17.9 60338 4674.2 0
41.6 180.8 1111.4 0.8 242.4 1282.3 3.9 51.1 90.1 5.4 305.2 2396.1 3058.3 23402.9 32.2 5192.5 5779.5 8208.1 24866.9 19950.1 782464.2 67329.3 153158.6 29057.6 528.8 81872 43002 1413.8 6252.7 1138 2.6 3246.4 3672 1332.3 8680.1 7.7 16293.6 1.4 71 8286949 582101.8 30543.7 38.2 201.4 20.5 36540.5 655294.3 4070293 5004.1 195657.2 15919901 657.7 32.4 60115.3 39.4 90.6 30347.1 25.8 61.5 449.1 14366.6 504.2 48.9 57.9 9770 157.2 69.8 30.7 102374.5 3304 0
20.7 156 2428.1 20.2 341.7 1374.2 5.3 153.5 224.2 6.5 329.2 3399.2 3601.6 19720.3 18.7 3463.3 10087.6 22874.5 13750.9 26442.9 1034401.8 120282.4 25377.3 31483 102.5 5665.9 6263.6 2017.5 5323.9 515.5 5.2 7509.9 5092.8 908.6 3796.6 9 5178.7 3.9 21.8 1220966.3 534617.9 3042.2 36.4 217.7 21.9 3680.8 33167540 3751552.5 5231.9 135528.4 9048649 1450 14.6 170651.2 39.4 41.8 23450.4 18.9 30.9 431.6 10773 82.6 2.5 2.4 2320.1 136.8 72 8.4 155213.1 2687.7 0
41.1 47 2664.4 6.7 197.6 1163.1 13.4 374.5 777.2 5.6 334.2 1995.8 6456.6 18291.8 16 6027.3 10478.8 31242.3 5356 76612.4 1257343.6 191083.8 119846.1 52290.2 68 18821.2 9525.2 5082.5 9790.6 250.3 30.5 1811.8 3241.9 1852.3 11451.2 8.9 1138.8 17.8 168.8 4140288.8 821561.3 4124.1 77 251.7 24 5499.6 3804742 5202796.5 6765.3 192955.2 21997078 1988 14.8 147998.8 60.2 185.4 26894.8 17.9 72.1 512.2 14400.2 166.5 2.9 3.1 5928.3 82.5 34.9 3.6 24930.7 2091.6 0
35.5 139.1 3885.7 4.9 241.8 1416.3 11.6 188.6 550.4 10 256.6 240.2 8677.6 1639.5 0.4 794.4 11047.8 6424.8 18346.8 69463.1 1309384.4 166928.8 51453.8 50291.4 88.3 12696.1 6604.6 2138.7 16880.7 243 26.6 635.7 5709.7 1483.3 8485.5 5.6 14654.9 0.3 102.3 5339754.5 531109.6 14993.1 32.9 250.8 20.5 395.2 571451.4 6092323.5 6868 200659.7 12573246 1968.2 22.9 171108.3 31.9 1104 26028.5 8.8 13.4 449.1 210.3 67.6 3.5 2.4 5291.9 177.8 7.1 3.6 57235 3219.1 0
30.1 275.3 2119.6 85.2 140.1 1187.4 7.9 162.4 944.6 8.3 337.2 1441.3 4970.2 14148.1 54 4305.3 5876.8 6874.6 42556.1 53197.4 954143.4 141432.9 37653 41603.6 63.7 64763.5 11721 3347.3 6195.9 8384.2 10.9 7167.3 8887 4283.2 2981.5 7.7 20566.4 8.9 39.1 3013756.5 598125.9 8243.5 29.3 217.7 19.1 5291.7 905464.7 3797322.8 3026.1 178218.8 23389374 1694.4 10.7 179232.4 35.5 34.6 31454 14.8 42.9 414.7 7769.3 65.5 18.1 85.5 8866.5 138.2 26.8 8.8 80549.9 4814.8 1
74.4 362.2 2189.9 4.1 254.7 1371.4 7.6 158 365.4 2.9 292 2724.5 5684 18121.4 21.1 2829.6 8319.8 40543.6 8780.2 83086.5 1387172.9 164224.5 244896.5 59178.5 162.1 106089.1 37854.6 4706.2 16267.3 4297.9 6.8 2541.8 4451 1419.3 12144.1 5.7 17338.4 6.8 16.7 9764366 614267.1 30907.8 70.1 234.8 19 1322.7 1211008.8 4075464.5 4660.5 368582.4 21713382 1407.8 54.8 278887.8 55.7 108.1 28610 14.9 25.7 477.7 4947.7 219.3 31.8 3.2 8057.1 128.4 4.9 26.4 42128.3 4260.5 0
25.2 228.8 1224.3 4.3 283.2 1102.4 2 71.3 258.8 10.3 289 1658 4724.8 17440.7 33.7 4461.8 11047.8 9261.1 26840.5 70067.5 626579.9 113012.9 115171.4 44068.1 169.9 126843.8 87263.1 6841.8 5153.3 995.1 51.2 5266.9 1931.1 2241.3 17949.1 6.5 11233.4 8.9 78.7 6937095 690490.1 22660.9 47.3 201.4 20.5 1403.9 797378.1 5108806 5407.6 269521 19812146 965.5 36.9 148721.6 58.8 25.9 23180.5 16.4 52.6 485.5 15570.5 161.6 33.7 53.3 9935.1 120.2 24.8 22.6 75157.6 4446.4 0
47.6 750.8 1796.5 13.4 222.8 2933.2 3.2 55.6 1036.7 14.5 312.6 2073.2 4456.2 13201.5 21.5 3461.5 9771.3 24565.6 6029.3 49925.5 1669712.8 194136.2 103466.9 66597.6 269.4 92458.1 32059.4 2024.3 10726.8 55 25.8 4449.6 216.1 3314.7 7700.4 7.5 30752 16.9 57.8 6160866.5 504390 23256.4 82 244.5 22.1 1341.5 1398135.3 3558188.8 3076.4 252331.6 10636897 1063.9 20.4 125770.8 151.6 484.1 29032.3 36.3 196.3 617.7 11473.6 76 2.5 2 5516.5 89.5 59.9 8.3 41553.5 2951.9 0
364.4 274.7 1517.2 2.3 142.2 571.5 1.2 112.2 172.4 3.4 1178.1 4785.7 2235.9 17766.2 0.7 855.9 13454.8 749.3 10192.1 87764.2 1131088.3 141270.4 229574.7 51345 223.8 22800.6 6139.8 1153.8 9284.2 2318.9 90.4 1413.8 2768.8 3255.8 6460 4.2 9234.1 8.2 28.9 6649862 777048.4 22053.8 80 264.3 17.5 14053.6 2030453.3 4308736.5 5088.7 360241.7 9740445 547.2 39.2 155867.3 177.2 3205.7 34745.9 18 72.7 617.7 1489.1 103.7 7.4 4.3 7746 294.6 82.7 33.2 64001 3373.9 1
145.6 168.5 2145.4 12.8 231.6 834.7 5.7 112.8 390.2 3.7 289 2878.7 4259.7 21530.3 12.7 5136.3 8803.7 3892.5 19946.4 24864.2 1284958.4 203535.4 55163.8 48901.5 114.1 131511.5 38605.9 6816.9 8661.5 221.6 26.1 1408.3 2566.3 3417.9 5946.6 6.5 85249.7 11.8 92.6 2164801.3 844140.6 4178.8 24 234.1 21.9 6964.1 2261548 7249833.5 3583.1 143419.4 26598736 1501.7 12.3 180963.9 31.9 1.4 17260.5 8.8 21.3 449.1 740.2 34.3 2.9 15.3 6944 144.5 144.6 20.1 44215.3 3159.5 0
41.6 224.9 2145.4 2.8 315 1466.6 3.5 78.4 440.5 5.7 305.2 3281.7 5844.6 19974.6 3.4 10139 5156.7 3425.3 11421.9 102692.3 1289242.8 235295.6 138639.7 64874.3 204 123346.8 51113.5 1065.3 10447.2 437.5 10.6 1824.2 3326 4615.4 6818.9 8.3 7508.2 4.7 74.5 6884467 852703.8 14440 25.8 185.3 16.4 3560.2 2348315 5737797.5 6171.5 292948.5 15619629 1129.4 19.2 126632.1 39.4 35.1 41087.8 7.4 26.2 382 3287.9 121.3 3.8 2.9 8630.2 134.1 186.7 10.4 37703 4759.5 0
41.1 208.7 1084.9 0.5 227.2 1159.4 3.2 79 144.8 5.2 258.7 2076 2834.7 22930.5 100.6 2782.5 8489.1 5624.2 18217.8 55688.8 785446.7 18208.6 146479.6 48086.7 103.2 36901.8 16142 1405.9 4056.4 1315.3 4.2 4164.1 10343.2 1991.6 9057.1 11.6 12847.5 4.5 48 7678427 746976 23255 67.3 251.7 20.3 2074.5 370902.4 4601522 4273.8 329837.3 18412654 348.9 129.8 127411.4 231.1 0.6 17615.8 19.1 53.6 461.3 8208.9 134 2.4 3 9679.6 58.1 14.4 25.2 47108.3 3257 0
34.1 18.9 1315.6 2.2 114.7 722.1 2.3 102.8 52.9 2.1 312.6 1666 4024.5 25093.3 39.3 3079.9 13361.6 5883.8 10597.3 34403.9 818489.9 80209.1 43728.3 30347.7 65.5 28571.2 16500.2 3314.1 12306.2 2097.2 3.3 2946 1087.3 564.7 3999.9 7 31065.1 2.9 21.7 4796265.5 832509.1 12492.2 104.3 205.8 20.5 999.9 1668396.8 3821042.8 3006.3 175498.6 30139750 926.6 23.9 132661.6 55.7 2.4 14961.5 12.6 51.5 520.5 21998.5 115.6 67.2 56.4 7800.6 135.5 5.1 10.4 76952.6 3067.2 0
34.3 57.3 2127.1 11.7 198.1 641 10 277.4 480.8 5.9 712 3308.6 4064.1 19947.1 0.6 2066.7 13754.5 10112.4 28751.7 96977.6 1863065.4 258480.8 165501.6 58816.3 366.7 10824.4 4117 4149 8213.2 2471.3 17.4 2072.3 3676.1 1991.6 6763.2 8.9 505.7 83.6 38 3859647.8 640430.8 17449 69.7 229.2 24 13788.8 543766.2 5246528 9948.2 308387.6 24080692 1378.2 44.9 158736 83.5 3978.8 17254.3 13.7 32.2 461.3 9878 23.6 2.9 2.5 1124.5 115.5 58.5 13.3 82774.4 1627.7 0
28.3 118.9 1141.8 9.3 231.8 832.8 5.1 223 104.8 8.9 323.5 1941.7 5054.1 12730.5 14.1 1537.7 8092.5 7056.1 5080.9 54643.2 1215308 116102.2 108493.4 42969.6 117.2 19654.9 8928.6 3311 6877.8 494.1 19 3668.8 2062.8 2897.5 4321.8 9.7 9599.4 9.2 58.7 2753342.8 574364.9 6606.2 74.6 274.5 28 5377.9 415578.3 4662146 6346.2 168993.3 42804772 1099.1 20.6 56912.3 143.2 30 21819.3 10.6 28.4 461.3 9739.1 61.4 0.9 2.7 4228.2 33.3 45.5 2.1 28335.7 2307.5 0
22.9 201 770.3 11.3 122 823.3 3.6 183.1 743.2 8.1 539.6 2054.6 3438.8 17832.8 10.8 4161.1 7217.1 26853.9 48662.7 47932.8 414980.1 45416 97324 37925.1 218.6 64035.5 24465 2118 4982.7 3834.2 7.8 2944.6 7631.4 5081 6281.1 9 3381.3 2.5 30.4 1443099.9 521052.1 20933.7 29.3 177.3 17.7 1283.6 53283908 2455399.5 3908.2 293621.6 22739194 1036.5 86.1 148721.6 43.6 90.1 13851.6 11 21.3 566 20534.9 53.8 3 17.8 5816.7 35.1 12.6 5.8 30736.7 2547 1
204.2 243.3 1982.1 1.7 63.5 678.2 2 76.1 389.7 6.1 250.5 1539 4192.5 7329.5 0.6 1096.1 8542.4 8810.4 5647.3 69225.2 1478117.4 144937.3 104477.7 56374.7 105.4 4809.8 2301.6 1920.8 11458.4 26 106.6 1000.7 1109.7 2326.8 3168.2 4.9 22455.8 0.4 53.1 7980373 622339.6 18043.4 74 205.8 19 79 298279.1 4380116.5 5524.9 249397.4 13525433 745 31.4 10204.2 61.4 63.1 28442.3 19.6 62.5 566.8 5016.5 111 3.4 2.2 6523.6 69.2 7.6 45.2 39493.3 3657.6 0
41.6 294.2 438.4 1.4 173.8 1404.3 6.7 140 325.6 4.3 337.2 2919.4 4562.1 21496.8 20 3813 9332.5 11164.1 49476.5 49924.2 1030132.1 127088.4 362787.4 53979.1 370 10652.9 6109.6 3713.5 11112.9 362.1 20.2 2532.3 3561.3 2611.4 11582.7 7.7 6369 5 12.5 6074885 638413.9 22719 54.5 185.3 17.7 4607.4 688403.1 3966307.3 6341.1 189485 9190298 1229.9 91 220464.7 53.1 1.7 19544.5 20.5 42.9 449.1 10811.8 142.5 48.9 88 15195.8 185.7 121.6 17.5 81996.2 4814.8 0
35.5 174.6 1304.3 3 302.2 1346.9 5.7 67.2 371 13.9 321.2 3532.8 7776.7 22854.7 53.3 3164.4 11619.8 4753.1 13283.3 42509.1 1142902.4 134996.1 281487.4 50397.5 371.9 16421.8 4668.7 2263 6897.3 119.4 6.1 4856.3 1544.5 2561.8 8703 6.5 11864.7 4.4 43.4 3206693.5 721315.1 25511.1 25.8 217.7 23.4 15045.7 729892.4 5746170 4567.6 188287.8 12782802 1202.7 42.5 158880.4 31.9 38.7 18387.9 14.8 81.3 449.1 16966.5 155.5 79.6 78.2 5621.5 229.8 67.6 28.1 41700.6 1803.5 1
287.5 524.9 5095.4 10.5 274.9 1493.2 18 247.6 2456.9 19 532.8 3735.6 9182.3 18241.3 0.9 4264.6 10975.5 18444.6 22215.9 122169.3 1698234 270303.6 409738.7 89298.9 237.9 9090.7 1808.8 1975.6 20346.8 399.7 25 12112.2 2904.8 5501.8 21805.8 6.5 6273.8 9.1 89.2 8208421.5 709253.9 10874.6 76 244.5 22.1 2982.8 7809784.5 5206392 5923.7 320900.9 13639887 1728.8 30.1 19634.8 105.2 1.6 31208.2 18 28.5 477.7 14952.7 122.3 21.4 2.4 7879.8 138.3 82.7 64.3 85673.6 4231.4 0
37.1 301.7 1417.5 2.3 186.1 1193.2 3.2 102.3 278.4 6.8 271.3 3409.5 4471.3 16584.5 1.3 4036.9 9379.7 2012.2 15506.1 108639.3 1867991.4 264467 357102.3 136408.4 151.5 513.6 48.1 2185.9 17158.9 27 23.7 1452.9 3477 2554.3 9087.2 6.5 20894.7 1.8 89.2 11933377 1096058 16154.3 66.1 225 19 6602.4 1068402.8 7792652 5725 333382.9 13964731 1021.7 11.8 111938.6 53.1 30.4 30709.2 11.1 49.1 520.5 5824.4 131.9 21.4 30.9 10939.5 89.5 231.6 20.4 95815.3 5857 0
43.8 118 1125.7 5.9 190 926.5 5.5 41.8 252.6 10.8 250.5 2070.5 5489.8 18075.2 11.8 7636.8 9177.6 8168.7 7000.4 57199.2 834544.1 120251.5 82097.7 77985.7 263.5 12859.2 5534.1 4497.4 7382.2 606.4 3.3 2041.5 8406.5 2096.4 8132.1 6.5 5688.4 2.2 30.6 8903128 635338.6 26661.2 78 244.5 19 3010.4 381294.6 5065028 4435.2 256490.1 10240812 1003.9 41 147709.8 76.4 1.5 39071 11.1 74.6 566.8 4913.2 27.5 4 22.4 9825.4 149.7 96.7 12 82401.8 4809.4 0
406.1 257.1 1771.2 1.2 100.9 735.2 3.1 57.3 512.2 319.7 323.5 1329.6 2461.2 10077.1 4.5 5426.4 12895.3 7968.8 42217.9 24779.2 934376.2 96230.3 1293403.9 53383.9 875.1 78652.2 20738.8 7026.3 48775.9 212.5 2.8 11277 1052.5 3437.1 34286.1 10.5 25674.3 3.4 27.9 7457933.5 719808.1 16723 74.6 274.5 25.9 3315.2 737468.3 4811736 14752.1 479143.4 7772829 960.5 88.4 24956 83.5 84.1 23987.6 41.7 210.7 630.7 11148 304 2.8 3.3 5969.6 124.9 5.1 10.9 19938.7 1821.1 1
28.6 157.2 1517.2 0.5 198.2 628.2 6.4 88.7 303.7 6.2 271.3 1228.5 4273.8 10031.1 1.1 1599.3 10599.2 14700 6984.8 67365.2 1293574.5 176121.9 160336 78934.3 79.9 41909.5 17494.3 4943.6 13463.6 1630.7 25 1987.2 5795.3 1934.8 7816 5.7 18617.9 4.3 44.3 5464581.5 585414.3 8272.7 82 225 19 1753.9 2396354 5135208.5 4772.3 361848.2 98033272 1279.4 21.9 106213.2 50.7 16.8 40474.7 11.1 20.8 566.8 18076.4 59.2 42.5 61 9836.7 114.4 106 25.5 44252.9 4857.2 0
35.5 252.2 2050.4 82.7 108.8 1817.2 3.6 71.3 292.6 24.4 289 1671.5 3290.4 12994.3 1.2 2055.4 8543.4 18266.4 7783 18240.3 734994.9 144421.8 234921.4 65067.1 132.4 248.9 97.7 3587.3 12960.6 10.9 28.8 2448 6471.2 2710.2 20226.6 8.3 10704.7 201.4 378.6 21050276 563422.1 26324.1 47.3 217.7 21.9 3011.6 40852728 4045708 3583.1 361709.4 4752838.5 1438.5 24.3 86111.2 78.3 60.5 18881.9 53.4 160.3 449.1 12279.1 161.3 4.8 2.5 7508.9 62.1 1.9 4.6 58925.1 4526.4 0
49.4 36.3 2032.7 1.5 356 688.9 4.3 89 317.6 2.1 291.3 1105 5853.2 11936.2 1.1 865.5 7512.7 6947.7 13612 54643.2 1216607.5 158903.9 23502.9 22169.4 199.5 3610.9 49.9 1309.2 6732 140 12 5338.9 1028.6 2584.5 563.4 8.9 5063.9 8 31.6 1340493 736095.3 824.8 77 274.5 23 8076.5 953084.2 3216776 6103.9 153266.8 24351142 1166.4 11.6 36690.2 91.9 182.9 19600.3 10.6 32.2 461.3 2363.6 5.1 1.4 1.4 1632.9 134.4 62.9 3.4 35335.3 253.3 1
34.3 179.6 1508.5 7.4 193.7 1068.6 3.7 50 712.5 7.9 312.8 3482.6 3792.9 20100.7 10.5 1068.2 10281.4 6042.4 3095 52535.5 1017695.9 224213.1 171202.5 75022.6 108.8 8730.4 870.9 2348.6 4543.6 13.7 7.8 1855.3 2443.1 2670.3 6987.8 6.6 8189.8 3.4 56 6170830 712714.1 12400 64.9 274.5 25.9 51.6 1713853.9 3503495.5 5920.8 316305.7 14175572 1283.6 7.1 121890.8 45.1 0.9 25549.8 12.9 32.2 461.3 7442.4 49.2 1.8 1.9 7501 81.2 26.6 6.9 38536.2 3179.7 1
1143 203 3111.6 31.7 428.8 1778.4 10.5 95.8 890.9 21.9 394.1 1757.7 4446.1 16993 10.8 7006.1 8830.4 4671.5 59698.8 91804.6 1062373.8 141429.8 233249 50764 142.9 40997.8 12660.2 1353.3 39098.3 1483.2 12.4 6053.3 4876.3 6217.1 7742.4 7.5 1989.4 2.2 56.3 6853335 664464.6 9969.6 94.1 225 19 5293.4 3956439 4539831 7221.1 316273 29606086 1241.5 63.6 166710.1 68.3 795.5 23735.7 10.3 14.8 566.8 5566.8 131.3 3.7 21.6 7416.3 254.8 73.5 64.7 66960.8 3787.9 1
41.1 492.8 1781.1 103.1 277.1 1006.1 3.4 56.3 647 33.1 291.3 3367.4 4400.8 22306.1 59.4 5388.4 10710.9 5001.8 14608.9 48249.1 1078172.3 154992.8 809038.1 61750.9 399 6366 4043.2 2452 12144.3 10.9 27.2 4735 1686 2021.3 38022.3 7.6 8988.8 153.8 135.5 8837977 799887.3 33809.9 60.1 297.8 22.1 4263.2 2263072.3 5074689.5 11850.9 556053.9 7449610.5 1249 136.8 178989.5 54.5 227.1 21087.3 65.5 141.1 461.3 15511 95 2.9 18.5 9686.1 93.6 87.2 7.7 72007.8 4323.9 0
78.9 99.7 1517.2 6 409.4 1768.5 3 73.5 78.3 8.1 321.2 2717.2 5854.3 20378.6 1.5 5585.6 9832.8 7572.2 50533.4 51240.1 1157435.8 149251 46546.2 48830.9 111.8 81207.9 17432.6 5393.7 24269.5 691.7 7.8 2609.1 4676.9 3853.7 4469.8 7.7 1614.9 23.1 53.4 4720951.5 730575.3 25575.5 27.5 193.3 17.7 2017.4 985934.3 4832276.5 3111 186733.9 143849820 839.1 42.2 156539.1 28.5 1.2 26380 6.6 19.1 449.1 5858.5 42.8 3.7 12.7 7926.2 69.4 54.5 9.6 36999.3 4426.5 0
25.2 309.3 1545.5 6.4 237.7 993.7 5.4 61.4 251.9 5.9 256.6 634.8 6579.1 4255.9 0.5 1565.7 11571.2 5093.7 6410.4 81310.6 1098035.9 162414.2 58371.5 89275.3 48.2 12824.6 6708.7 4413.6 9705.9 118.8 15.8 524.9 2592.9 3360.5 1392.3 6 31109.3 7.6 37.6 9366787 683408.5 21853.6 21 201.4 20.5 63.7 334523.5 4500292.5 4593.5 192525.4 25000768 1123.3 18.2 182785.5 25.2 719.3 28555.4 10.3 15.2 414.7 406.4 154.2 15.9 29.5 9090.9 134.1 112.5 9.6 41772.1 4112.3 0
34.1 113.5 2045.9 5.7 420.2 1623.1 7.4 96.4 449.1 9.2 373.9 911.3 8631 9149.1 0.6 3451.7 9040.3 14999.4 20532.6 33657.5 1171713.1 142346.4 178257.4 65214.2 125.4 46825.3 14368.8 18794.3 14081.5 405.6 20 1559.1 1361.1 6005.8 10831.7 6.5 16655.3 12.6 100.8 5047940 745707.5 12467.7 84 225 19 37.4 574818.4 6268639.5 5292.2 295929.2 26645444 1279.4 24.5 128962.8 55.7 37.8 36272.9 10.3 20.8 520.5 1545.5 53.6 2.4 14.9 6563.4 206 5.8 4.3 62423.8 3822.6 0
1640.2 249.7 1601.9 11.3 212.4 787.9 6 60.6 274.8 7.7 323.2 2122.7 6439.3 17292.5 14.4 3448.9 10480.5 4802.3 6416.9 32931.1 792619.1 114812.2 79692.6 29292.5 121.8 40568.5 28306.2 2921 4446.8 1197.2 5.6 2361.8 1440.4 1199.5 8377.6 6.8 69447.8 9.2 70 4845936.5 684805.2 13918.5 85.8 317.6 26 1699.4 666718.6 4726472 4828.8 126107.5 8598546 1499.5 10.5 184071.7 32.8 76 23595.5 12.2 19.9 504.3 1543.1 49.6 3.1 2.5 5035 104.8 164 12.2 49957.8 2922.2 0
34.1 255.1 1502.4 5.6 328.2 899.2 5.3 35.8 278.4 11.3 250.5 1158.2 3402.4 7357.9 1.4 466.2 6785.7 8014.9 3851.2 91804.6 592223.3 138680.7 723559.3 47253 1764.1 7036.6 7314.7 1516.9 6230.3 607.1 6.8 754.6 8749.7 1475.6 49115 7 4120.4 5.5 30.6 7578670 775615.4 42092.5 78 264.3 19.8 1190.3 225929.4 4938429.5 8202.8 732214.3 11356393 1033.8 56.4 80220.8 46.3 532.8 20834.4 17.2 31.9 825.9 1659 432.5 66 87.8 4456.2 217.8 115.4 14.1 71544.3 1932.6 0
25.5 209.5 4143.9 3.3 128 625.3 8 7.3 414.5 8.2 424.3 92 11424.7 1160.3 0.3 558.3 7608.6 711.1 35378 28199.2 1022622.9 96428 174353.6 38567.4 1187.7 52709.4 21953.3 6848.8 11990.4 1267 19.8 1911.8 3388.4 1605.6 7005.6 7.4 16752.5 3.3 38.3 1725665 1159925 21579.2 85.8 317.6 26 1030.7 258474.5 5138207 6504.3 260374 11668187 1535.6 47.2 153849.6 20 151.2 14681.1 4.4 9.8 504.3 393.2 185.5 2.4 2.9 5131.7 262.3 21.4 22.7 39386.1 2839 1
47.6 538.9 2095.7 1.2 364.8 1364.8 8.2 75.8 278.4 8.9 363.7 2275.1 3937.7 18705.7 11.7 5247.1 7189.4 13991.6 7682.9 96932.8 873757.6 217521.2 92012.7 110219 24.1 9732 6760.4 6371.5 7919.9 87.3 9.7 2488.2 5826.9 3905.4 5310.5 6.5 4251.5 4.6 62.6 14883335 733964 18092 66.1 225 20.5 2199.6 1889140.8 5352990.5 5540.4 306748.8 3963286 1338.3 172 126176.1 61.4 89.2 31186.5 30.2 46.7 566.8 1433 549.3 26 33.2 13250.8 113 69 32.3 11594.6 6259.7 0
34.3 188 1061.8 0.8 159 1151.9 4.8 89 317.6 3.9 312.8 2166.2 3135.4 12812.6 98.8 1265.2 10080.1 10360.7 7304.2 119655.2 731006 133460.2 53623 84444.3 85.9 4848.6 4353.5 3021.2 4105.1 192.6 10.9 13105.8 3959.7 2850.3 4812.5 8.9 5695.8 1.5 49.8 8448006 1075384.8 12081 79.4 297.8 24.9 2873.5 467205.8 8627964 4273.8 265645.3 12383777 911.7 16.7 67979 83.5 2.2 22518.4 23.1 63.2 512.2 11148 93.1 16.6 2.4 11165.2 74.1 22.4 12.9 50444.2 4894.9 0
20.7 20.5 1460.1 7.7 121.6 726 3.4 53.9 152 3.2 337.2 3254.6 4483 22824.2 1.4 4009.4 9241.4 4375.7 29670.8 31036.8 1308527.1 107027.1 93897.4 26347 53.4 75216.5 28664 2601.3 5172.3 1042.9 23.2 1582.6 4140.3 2221.1 3775 6.5 3906.3 6.6 74.5 2107213.8 640341.8 3357.3 40 217.7 19.1 1927.8 233730.3 5006820 4148.2 128938.5 22358274 916.3 20.1 177910.3 31.9 63.1 46883.4 9.5 17.1 431.6 4074.7 29.1 5.7 11.8 6197.4 61.5 135.4 6.3 42488.3 3331.3 0
2011.7 1318.7 4371.9 13.6 308.4 1416.3 2.3 231.9 2227.9 4 3058.2 1688 5009.4 10053.4 73.1 3228.3 15083.4 4899.5 16725.4 51894.7 767073.6 125892.9 48418.3 26404.6 283.9 37291.5 27320.9 2824.5 6214.8 340.7 219.9 39997.1 2065.8 3910.1 3024.1 11.9 17142.7 484.1 141.3 1553657.9 457109.5 1803.7 47.3 185.3 19.8 5905.9 855872.1 4301475 4332.8 123986.6 17868862 1268.5 68 123430.2 145.4 558.3 15553.9 248.4 460.8 449.1 37400.3 95.8 2 2 3378.3 54.3 6.7 24.7 42249.3 1391.6 0
20.7 320.5 1629.5 6.9 251.2 1404.3 5.5 32.8 174.2 6.6 493.8 2994.6 4901.6 21212.9 25 3905.2 5045.4 26213.6 29844.8 27222.7 1126662.3 152471.3 486102.6 70478 1374.6 110776.3 29337.1 1229.2 3579.4 24.8 7 4414.3 4593 3646.1 26565.8 7.7 11722.5 6.1 39.1 4764070 442995.2 57268.4 36.4 185.3 21.9 1238.5 1624920.6 4004231.5 8195.6 456008.3 25702290 996.9 188.4 200577.4 39.4 0.9 21735.4 9.5 26.2 485.5 8388 273 44.2 9.1 8588.7 56.2 146.9 13.8 56547.5 3533.5 1
34.1 406.5 1512.3 2 242.3 1871.2 5.2 10.8 303.7 4.8 271.3 3270.4 3660.7 24432.6 25.4 4382.8 8970.9 7411 4084.5 84848.5 1875003.3 210462.9 54392.1 127852.7 93.9 52449 13352.8 1407.8 9399.5 237.1 17.7 8015 6016.6 3213.6 8693.3 6.5 22382.2 5.9 23.3 25494488 872082.3 36245.7 82 225 19 78.3 478963.6 5741671.5 3490.4 432557 24590024 907.8 40.1 207750.7 38.4 74.4 38496.5 13.3 25.7 566.8 18352.5 225.1 41.3 17.4 10040.4 115.8 26.8 34 85366.2 4280.6 0
2067.9 3907.5 9243.9 5.9 816.7 5929.6 14.6 56.8 6774.2 12.2 914.7 3411.8 7578.5 17582.1 610.7 9274.1 43695 36227.5 15315.7 71948.5 1277198.4 191034.1 99604.7 70391.6 794.5 24265.3 18999.1 4810.5 11219.3 29.5 122.4 504948.1 1957 7689.4 5074 6.8 31958.1 181 48.7 4407196.5 994764.9 8165.6 119.2 443.7 33.7 8156 888955.1 4527872.5 7011.1 254945.4 9236869 1431 30.3 98667.5 105.7 1563 24924.6 797.9 1221.1 628.4 158973.9 73.1 3.1 2.3 5991.9 101.3 38.1 20.1 67589 3494.4 1
30.1 117.5 1601.6 37.2 132.8 781.2 4.5 42.7 615.8 15.5 313.2 2065.3 4507.7 15481.6 25.2 2509 10841.8 5883.6 5123.7 113486.4 943898.4 127272.3 354323.9 36705.8 1293.5 7723.3 7395.4 1766.7 8300.9 376.5 2.6 1370.5 1744.4 1299.6 21372.5 4.7 21529 65.2 75.2 3539866.5 678772.4 6609.6 47.3 193.3 19.1 3560.2 1290427.5 5225009.5 7827.9 432992.9 8323774.5 1177.1 27.2 190060.5 31.9 209.2 10493.7 12.5 47.9 566 8774.8 342.3 74.6 68.2 8446.2 195.7 67.6 19.6 63396.5 3440.9 0
34.3 416.7 2628.9 50.5 482.2 2868 4.8 591 317.6 17.4 334.2 2328.8 6492.2 16389.8 1.5 2222 4752.8 24742.2 23262.7 107602.8 1741196.5 296059.8 331326.9 91285.9 58.8 4054.3 3056.1 3705.1 7751.9 58 144.8 5248.2 2611.1 4786.9 14016.9 8.9 12564.1 77.5 627.9 18530188 744259.6 29696.5 55.4 229.2 24 4991.2 2643495 6516003.5 11560.7 414743.5 8024970.5 1882.5 83.1 47630.5 37.3 120.3 40121.8 13.7 43 512.2 23051.8 86 2.9 3.3 8843.6 93 4.1 28.1 52861.8 3681 0
41.6 346.4 2102.3 7.5 271 677.1 5.2 50.4 371 72.1 321.2 2605.2 7677.3 24566.2 36.2 3709.2 9241.4 10166.9 43115.2 60847.1 683617.9 125341.1 393714.3 53623.7 550.6 55474.2 14122.6 2815.5 62885.3 638.8 4.8 19765.8 1969.8 5631 40416.1 9 8292.2 4.4 44.8 3208873 980863.9 20069.7 88 217.7 21.9 2480.4 517727.8 3726069 7433.1 470737.6 12582105 936.4 158.6 200260.6 39.4 163.2 5970.1 36.6 108.7 566 174230.9 171.9 69.6 66.9 10394.5 276.9 43.7 44 63238.8 3183.4 1
30.1 282.9 1559.6 43 366.3 1905.1 3.9 57.4 166.9 16.5 272.9 2007.6 5443 12609.6 1.6 2290.1 10336 16711.9 8612.3 94403.5 820069.6 160157.7 491257.7 50916.5 1594.5 4441.6 2451 2399.4 6328.5 64.6 20.2 778.6 796.7 2700.3 12468 5.6 6907.2 42.7 89.1 7186247 599558.3 13948 40 217.7 17.7 3319.3 649002.3 5156146 9367.9 439872.6 16028917 1299.5 15.8 130247.5 48.1 54 27656.4 15.6 69.8 449.1 2615 95.2 25.8 54 9160.5 90.1 121.6 22.6 70518.1 4211.3 0
48.9 294.2 1892.4 28.7 123.7 1545 3.5 65 532.4 11.3 337.2 2004.8 5438.2 16042.5 1.4 3907.2 11522.3 8568.5 12343.6 77218.6 872602.8 165961.2 65917.7 39855.7 156.8 6172.3 5553.3 668.7 6537.1 1383.1 90.8 2302.6 2131.6 3168.3 4371.6 47.2 10598.3 41.8 128.3 3257163.5 398913.2 3447.8 29.3 185.3 22.7 6172.4 1692019.8 4542368.5 3528.3 121008.7 41206692 1214.7 12.6 146971.3 154.5 63.1 30288.6 23.1 118.1 485.5 945 32.9 4.2 16.2 8594.7 138.2 83.1 9.2 32580 5044.2 0
451.3 335.3 1611 5.8 251.8 1232.1 2 124.4 662.6 7.3 2713.6 1401.1 2996 9484.6 0.7 1821.9 6937.4 4342.7 11193.9 64576.5 1104444 172875.7 149650.8 42852.5 26 67842.9 27149.1 1132.6 14908.4 2.4 13.1 5168.5 1954.4 6817.6 4797.9 7.7 29964.2 17.3 33.3 3815538 704923.1 5631.1 32.9 185.3 16.4 1628.8 2363630.8 4485700.5 5382.5 263506.9 21098044 504.2 22.7 11198.7 303.9 1737.7 20189.4 51.4 169.3 485.5 22109.8 31.4 7.7 3.3 5675.1 64.7 92.1 65.2 25075.1 3256.1 0
907.3 1281.5 6734.3 3.9 437.8 1501.9 2.5 101.2 1352.3 2.9 261.3 2089.4 2866.7 16327.6 49.3 4657.2 22105 23684.3 9956.2 75676.4 1078595.8 71801 370386.5 57901.7 166 49225.6 24300.2 773.2 10062.4 185.8 45.5 58161.7 2508.7 590.3 11101.3 4.8 33813.2 7.3 32.6 9361356 1114535.1 8545.8 96.8 293.6 24 50.9 475460.3 6119165 6674.1 312771.6 21975798 246.8 525.6 13469.6 283 42.2 28849.6 548.2 573.1 562.6 149791.3 69.4 2.1 2 2968.5 39.4 3.9 10.4 58015.8 1259.8 0
5587.2 503.1 7307.7 41.7 361.4 3115.9 16.2 134 1266.5 5.2 384.8 1742.4 5009.4 14946.4 545 4192.6 26144.4 24512.7 13829.7 46592.9 782464.2 92680.8 61666.7 40379.7 311.6 12476.7 3431 1106.2 6992.1 331.9 65 41619.7 7084.2 3100.7 6325.8 9 7131.5 134.5 76.6 3957606.5 704368.3 3390.9 36.4 201.4 19.1 3530 1287486.8 6247927.5 5231.9 266770.5 17433312 1306.8 960.2 165435.6 433.8 1920.9 29261.6 1557.3 1370.3 449.1 111433.1 103.8 22.4 54.6 10472.6 55.6 5.9 22.6 69511.5 4290 0
58.4 309.3 2775.6 12.9 474.2 1181 4.2 93 1075.1 6.9 1243.8 2309.8 2352 23290.3 84 4303.3 10171.1 12315.4 24697.7 18240.3 767073.6 198528.3 83039.1 48289.8 167.7 3745.2 6777 2905 4224.4 1229.7 11.7 35601.6 2211.1 5657.9 4819.8 6.5 37400.2 2 36.9 3230742.3 672718.4 15606.1 43.6 217.7 19.1 3530 3448887 5083841.5 4774.1 334781.4 9143556 1823 58.4 160119.2 48.1 135.7 21544.1 72.9 121.1 504.6 1668.9 126.4 8.7 5.1 5781.2 87.4 20.7 81 67219.1 2957.4 0
41.1 507.1 2548.5 2.5 164.9 1574.6 4.9 73 682.9 7.1 291.3 2420.3 3046.5 23342.2 65.8 1761.9 9749.3 9708.2 21928.8 35860.9 1025037.3 108400.4 254869.9 75266.5 163.2 88843.3 22524.4 33.5 21747.2 341 11.6 13919.7 355.1 220.5 18736.4 7.6 14618.5 21.9 74.7 14104186 713615.3 20773.1 57.8 251.7 20.3 1151 1354223.4 7147409.5 6346.2 507575.9 25007568 946.3 54.9 84519.7 49.6 23.3 22872.4 48.3 115.4 461.3 30106.2 103 3.2 2.5 6897 24.3 45.5 20.6 60058.4 3354.5 0
237.4 69.8 1027 0.9 172.6 560.8 4.2 43.2 276.4 3.3 291.3 1709.8 4194.8 16644.3 15.8 3356.8 10787.1 4308.6 53196.7 39341.4 819560.4 144297.9 214124.5 36207.1 568.4 46697 40064.8 6871.2 66952.4 4.7 3.2 2565.7 1236.6 2129.6 13000.6 10.5 3897.3 4 80 3302025.5 532247.4 15226.8 89.2 251.7 25.9 1310.4 451247.5 2664477.8 10002.8 252122.7 23488222 1004.4 120.6 145841.3 75.1 90.6 8948.8 14.5 32.2 370.6 1627.1 66.9 3.2 16 5431.2 76 6.9 4.9 47182.5 2126.4 1
679.7 391.8 1852.7 5.4 204.1 887.4 2.8 64 413.6 4.2 333.2 1508.6 4349.9 10481.5 59.3 1906.1 12542 6467.6 6119.8 59139.7 755783.1 139118.9 46514.6 39686.3 929.2 18837.6 4618.3 1202.1 4694.4 612.3 52.2 19197.2 814.8 1826.1 3089.7 6.5 4960.3 76.7 30.6 826342.3 731400.9 1074.1 106.3 205.8 18.3 1557.6 364187.3 4650110 3023.9 291395.6 13895362 698.9 58.5 188801.1 34.8 192 9228.5 150.2 260.6 566.8 73678.4 76.6 2.5 2.7 3475.4 41.6 64.4 3.6 38695.7 1129.3 1
34.3 574.1 3413.5 55.5 125.5 529.3 10.9 302.5 290.2 6.9 291.3 2275 3979.2 24197.9 20.5 3547.6 11592.1 5483.7 27322.9 107602.8 1036266.5 267021.6 367542.9 63119.7 373.7 4236.9 6274.9 1944.9 8116.1 5878.4 14.4 1235.6 9208.5 4645.5 48592.4 6.6 15770.7 5.7 12.4 1336761.9 839445.8 3204 74.6 321.3 25.9 11340.3 64318760 2938871.5 26788.6 540589.8 8825192 1021 5.9 135171.8 45.1 851.4 18591.2 17 22.6 630.7 6624.9 259.6 8.6 31.2 7336.6 110.2 69.5 18.2 74959.8 3836.7 0
34.3 200.5 1153.1 6.4 395.1 871.2 3.5 31.8 474.5 9.3 334.2 2287.7 6127.4 17869.4 8.2 3972.7 6762.5 7460.8 9451.7 47161.5 1045337.1 193258.4 95400.2 64680.8 103.2 63174.6 29855.6 6075.5 36772 5188.3 5.1 4715 2449 13212.9 41.7 9.7 4315.4 2.1 22.5 7579644.5 725117.4 35351.4 74.6 229.2 24 3359.4 467205.8 4101963.5 8841.2 406045.3 24463586 1103.7 96 157871.9 37.3 2.2 24758 9.8 28.4 370.6 18718.1 99.6 2.1 2.5 8273.9 83.8 87.2 10.1 51700.4 3793.7 0
20.4 132.3 1247.5 2.9 435.9 1639 3.7 43.5 234.1 10.8 312.8 2380.6 6747.7 18677 5 4468.1 9051 5153.7 19252.4 58794.5 879130.6 176491.5 22722.8 42270.1 350.4 5576.6 6228 4768.9 4494.9 520.3 18.3 3242.9 1500.5 4244.7 3931.9 7.6 2198.9 1.5 17.6 6054088.5 803250.5 11751.5 60.1 251.7 28 11386.9 690206.1 5458706 3397.1 123396.3 20628858 969 30.8 116900 33.7 5.3 38322.7 9.8 25.3 512.2 4260 53.4 2.5 1.8 7736.7 51.8 160.5 5.2 55278.4 4116.3 0
309.8 372 1254.5 2.8 214.7 1135.4 4.2 49.4 562.4 4.5 353.1 2080.2 3884.5 16314.4 60.2 3681.8 11716.4 7883.4 10119.2 52547.1 581029.1 100574.4 365252.1 32951.5 606.5 13339.8 3219.5 2639.9 4774.2 178.9 7 7273.9 5706.7 3110.3 35549.4 6.5 12173.6 13.6 44.8 5128117 545122.8 31933.7 54.5 201.4 16.4 3176.6 659205 5024876.5 8514.5 321090.6 16651528 999.1 149.3 202929.4 31.9 89.6 20677.2 24 52.6 611.4 41692.1 87.8 28 8.1 8501.8 88.7 7.8 7.1 109869.8 3462.9 1
43.8 207.1 1158 2.1 324.3 537.2 4.2 23.3 341 4.1 333.2 1562.3 6001.9 15438.8 6.8 4505.3 9346.3 6292.5 27773 71072.1 879734.8 91668.9 13658 54942.5 172.6 95753.7 37257.7 5702.5 16461.1 4281.4 2.2 2411.8 1690.7 2753.3 4682.1 5.7 21428.2 2 14.1 8442440 624083.8 31246.2 90 244.5 22.1 2171.9 2160230 5294636 3960.5 227593.1 68792528 873.2 105 170155.5 46.3 1.1 22654.6 9.6 14.8 477.7 6013.3 51.3 3.2 3 6827.8 85.4 7 5.3 64781.3 3659.8 1
49.4 105.3 1975.4 1.4 499.8 1733.8 9.2 46.5 561.8 1.9 312.8 3295.4 5481.8 21285.3 12.5 2343.4 7457.7 8568.7 37649.5 67861.9 1495255.9 159799.3 20285.7 62054.9 103.2 6185.3 3927.1 1760 5346.6 320.3 10.5 6130.7 5069 2755.8 4900.1 8.9 4754.3 6.3 59.6 12162404 772355.1 36369.9 55.4 251.7 22.1 6431.3 622398.2 6326457 5951.4 271437.8 17915674 1436.3 74.6 146422.5 49.6 1.5 25040.9 8.3 25.3 512.2 14935.7 112.7 2.5 2.1 8209.6 154.8 47.7 19.8 73033.3 3540.2 0
30.1 128.4 1224.3 0.8 200 726 4.1 96.4 409.2 3.6 305.2 2127.2 4304.4 13976.7 1.8 6152.6 9890 5109.9 8891.9 17369 902062.9 97760.3 15770.2 46645.4 48.2 4393.7 2617.1 1707.8 6366.5 149.8 18 1187.7 738.9 1872.9 2853.9 7.7 4476.2 77.2 38.3 1956811.3 669006.2 6884.9 43.6 201.4 19.8 5021.6 591942 5021983.5 3583.1 156248 3163450.8 1225.3 11.6 154701.5 28.5 1.9 14047.8 7.4 19.1 485.5 7769.3 33.7 3.7 2.8 7236.4 88.7 140 5.3 24530.6 4262.2 0
22.9 151.8 1784.9 80.3 252.8 1539.3 3.1 80.2 152 23.9 289 1991.6 4309.4 15611.7 2.2 3004.1 11149.4 12793.8 10219.7 39727.7 1096754.4 121478.3 482287.5 34757.7 908.8 7481.4 6851.7 1931.8 4319.2 568.6 75.6 2893.4 3481.6 2139.9 18741.5 7.7 10094.9 76.5 111.9 4518773.5 508644.7 16601.8 49.1 185.3 21.2 2278.8 818988.3 5558719.5 5927.4 573085 15317598 1021.1 87 133303.5 35.5 117.9 18136 12.1 23.6 566 9092.1 107 2.8 3.3 7266.5 110.5 163.2 8.8 93954.3 3575.6 0
34.1 211.1 1585.9 2.1 242.3 1499.5 7.8 126.4 413.6 9.4 292 2422.9 5798.3 31081.3 10.7 3011.4 4059.5 3582.1 118800.4 316546.6 1248233.8 188215.5 78775.4 54404.6 136.4 26149 17659.5 3221.7 7804.7 5230 5.4 4526.1 1032 8815.4 5514.4 6.1 23843.7 7.5 92.3 46091688 1284189.6 35440.6 74 244.5 22.1 7755 2005477.3 7070426.5 4772.3 226851.9 27012742 1040.8 85 176438.2 46.3 19.3 44207.2 13.3 13 566.8 13811.6 180.6 37.7 48.9 12200.4 213.4 78.1 8.7 78374.9 5410.6 0
40.3 433.8 2118.2 64.6 295 3138.4 1.4 301.9 265.6 11.9 312.6 1597.4 7045.3 15300.8 1.1 2687.4 8319.8 13517.2 9973.3 76539.5 1490705.5 151478.8 295825.8 83962.4 231.9 5898.1 4543.9 3154 9091.9 403.2 16 1511 1083.8 1898.7 16124.7 5.7 10441.3 16.9 98.5 7952759 795422.9 26580.5 88 264.3 22.1 3835.6 877349.6 6121090 5999.7 682783.3 12921370 1111.5 70.5 106719.8 46.3 179.2 21183 8.9 14.8 520.5 6613.6 179.9 3.6 14 7009.4 132.6 8.5 17.9 79130.4 3551.8 0
35.5 232.7 1517.2 10.3 450.6 1735.8 2.9 146.7 251.9 6.5 337.2 2721.8 4793.6 16267.1 6.4 1180.3 5477.1 13014.4 2125.7 39727.7 1105298.5 141846.7 122572.8 58831 31.8 9670.6 2467.1 3611.3 7371.3 121.4 14.4 1731.9 2806.6 1167.7 7348.6 7.7 7146.2 7.6 67.5 2724721.5 523420.6 16332.9 40 185.3 19.1 1808.3 1995000 3870801 3362.8 284865.3 13331383 906.6 58.4 159568.7 39.4 117.9 19729.8 20.1 98.9 485.5 19149.1 166.7 7.7 28.8 3130.9 111.9 41.6 24.7 56878.2 2463.4 0
40.3 219.2 1366.8 10.6 175 722.1 2.6 44 246.2 10 312.6 2119.3 2746.8 16824.6 10.8 2190.1 7895.3 41006.3 2497.6 51935.7 791239.9 118302.1 78427.7 38292 313.8 70820 26110.2 834.1 4694.4 319.7 8.9 3335 3446.7 1844.3 9525.7 7.5 46303.7 6.4 46.7 4665887 567794.2 32529.7 86 284.3 23.7 1038.1 628068.9 3768286.3 3977.1 282110.2 8976283 856.4 143.6 188902.4 46.3 208.1 10383.5 25.6 41.6 617.7 18050.5 45.2 2.9 2.9 6561.2 69.9 194.8 4.3 37310.1 2966.3 1
35.5 282.9 1583 5.1 61.1 1069 2.6 58.7 351.7 5.4 289 2093.8 4606.5 13649.9 27.9 2652.4 8707 5446.9 3708.6 21621.2 1012627.3 121110.3 83499.8 49231.1 299.8 2944.6 5071.3 2363.8 7162.7 1 15.1 10140 2799.1 1955.6 5713.3 6.5 8081.5 5.3 41.9 5087902.5 797289.9 17541.2 36.4 185.3 20.5 1583.8 5116359.5 4553519.5 5878.3 249798.5 10721393 627.6 25.6 111894.6 58.8 567 11879.8 61.7 155 449.1 27919.7 67.6 3 3 6603.4 42.7 63.2 17.1 66897.7 3125 0
25.5 185.7 2878.2 8.8 244.6 2010.3 15.8 418.5 260.2 5.2 424.3 2751.9 5351.1 21646.8 15.8 3068.7 11370.2 17072 23971.4 29401.2 1235080.5 196211.6 146723.4 68210 345.3 134741.6 37899.2 3090.4 8699.3 590.5 5.6 9778.9 1323.6 6164.7 3294 6.8 42471.1 5.8 116.4 4337612 917590.3 10444.1 102.4 317.6 26 2143 2013965.5 4740785.5 3454.1 119844.8 18161728 1823.9 32.6 142109 40.3 135.1 74329.5 6.3 19.9 504.3 15124.6 229.7 3.6 5 10616.2 169.6 192.1 18.3 67700.3 4805.2 0
3405.1 438.7 3295.5 1.5 335.2 1711.9 7.9 347.6 397.4 6.1 460.5 3101 12635.2 29489.6 68.3 14185 10321.2 16552.1 35775.1 65876.6 2616711.3 235875.4 87735.8 63703.2 80 92166.5 34676.4 5057.9 12629.6 288.5 8.6 27008.9 1332.2 10521.2 2608.3 7.6 36026.2 7.8 31.6 1809632.6 873010.6 7103.4 60.1 251.7 24 4516.8 3662385.8 5182867 7178.9 343799.7 33761632 2164.5 104.8 154121 548.5 122.9 17381 87.7 181 512.2 55875.3 118.9 1.7 1.4 4774.7 218.8 82.8 38 41284.6 2082.4 0
49.4 149.8 1119.1 6.7 244 1006.1 2.9 128.1 357.8 6.1 312.8 2177.5 3143.4 13679 7.5 4472.8 9493.5 14806.5 7185.3 23470.4 1535876.9 124690.8 247437.6 50607.3 264.4 7486.9 2228.4 922.8 7679.1 269.4 32.9 2901.9 1871.9 3289.4 7122.8 10.5 3279.5 22.2 41.7 6014473.5 663013.9 29214.7 79.4 274.5 28 8516.8 673931.4 5024542 7266.8 255430.5 13467398 738.4 27.3 167348 49.6 1.7 16270.1 25 96 568 9639.8 53.4 2.8 2.1 6912.9 4.2 91.7 5.2 70987.6 3328.1 0
47.6 317 2322.8 0.4 144.7 1147.8 3.7 89.8 472.5 5.6 292 2066.6 3100.1 11911.3 1 1781.9 6306.4 4962.2 16174.7 165220.5 1014018.6 229160.2 205605.2 62120.4 91.6 5261.4 2025.4 1156.8 22689 2433.3 8.1 4530.8 781 7062.5 11792.5 5.7 3942.6 2.7 40.3 4799351 886837.7 5760.2 74 244.5 19 5891.4 1556054.1 6666629.5 7816 772195.8 25082034 774.3 10.9 39940.1 134.6 94.5 21615.2 17.2 80.3 520.5 13648.7 127 2.3 1.5 6590.7 110.2 3 11.2 42773.3 1130.2 0
35.5 108.7 1219.2 22.4 221.5 1048.7 4.5 51.1 305.9 16.1 305.2 2968.9 5268 25058.1 39.1 6912.6 11571.2 21550 2856.9 59590.6 829895.1 118580.5 176418.2 33472.3 68.7 41283.2 28559.2 1560.7 17110.9 541.3 19.6 2336.5 3005.2 2877 11559.2 9 30016.8 18.8 85.7 2266348.5 930059.4 3080.9 58.2 234.1 20.5 3703.5 637884.6 4791066 5507.4 213540.5 29194058 1055.3 15.6 224282.3 28.5 23.8 19869.4 13.3 23.6 467 5943.7 148.8 2.3 33.2 5168.1 95.5 58.8 7.9 28582.3 1978.6 0
41.1 179.6 2743.9 1.4 574.1 2720.5 5 83.2 48.6 7.9 269.6 2798.5 4256 20296 70.3 3036.7 8633 24150.1 32104.4 41615.7 1452945.3 103385.4 230210.2 65735.5 202.1 91114.6 41023.1 1790.3 20261.1 1260.7 13.7 4156.4 3421.9 1507.5 8667.2 7.6 10771.6 0.9 92.2 6249081 788129.6 8574.3 60.1 218 22.1 1468.9 1362715.6 6016492.5 10356.3 295334.4 35795348 1738.7 100.5 106440.5 45.1 52 17763.4 15.4 48.5 414.4 20339.7 107.1 2.8 2 8967.6 159.6 6.4 14.5 72644.6 3589.2 0
34.3 91.4 1119.1 5.3 139.3 990.2 3.2 44.3 129.1 10.6 291.3 2284.5 3399.4 23016.1 23.2 2219.8 7290.2 21007 16523.2 39341.4 921427.8 130160.6 179900.4 34014 23.1 32500.6 18119.7 1996.5 7072.1 746.6 7.3 4345.9 1808.8 1299.6 6516.8 7.6 10469.5 13.7 35.3 2995567.8 1173082.6 7048.8 74.6 251.7 20.3 1962.9 347725.6 4464685.5 6676 296608.9 16728173 963.6 25.1 115204.3 41.1 1.3 18188.5 21.3 76.3 461.3 26364.4 62.3 2.7 2.7 5616.3 59.4 39.1 6.1 60372 2835.7 0
34.1 500.1 2252.2 0.8 216.3 1722.3 1.8 102.8 714.2 4.4 271.3 2029.6 6398.2 21694.8 3 4443 10628.7 4344.3 9255.6 49925.5 1275428.3 179733.9 52553.7 51835.1 195.4 144350 40776.1 2094.4 9880.2 95.4 7.2 2882.2 4333.2 2675.7 6336 8.6 18351.4 8.6 46.7 4479681 722406.4 22792.2 74 244.5 16.8 414.9 1418814.9 5966874.5 4305.4 256854.5 22843710 852.7 72.5 143605.7 308.6 1.4 17892.5 42.6 247.1 437.8 10327.3 39.1 2.9 2 5471.5 1.7 28.9 7.9 27147.8 2474.8 0
40.3 270.8 1954.6 10.5 151.1 918.8 2.4 70.7 530.2 5.9 312.6 1436.4 5085.1 10501.9 6.1 1281.8 10085.9 7488.8 2526.4 93522 1117559 120888 299758.8 45316.1 209.7 10825.2 8361.7 1111.5 8515.4 988.9 8.9 5952.3 1305.9 3532.4 6895.6 6.5 37656.4 13.9 25.6 2160651.5 577101.7 3882.6 106.3 304.5 26.3 5118.9 1986174.4 5169961 4207.5 417637.6 28428522 1188.1 13.5 102463.8 42.2 63.1 20028.1 18.8 20.8 675 76997.5 138.4 3.8 3.6 4131.1 36.5 129.6 10.4 74586.8 2370 1
47.6 351 2252.2 8.2 250.8 1754.9 5.3 169.9 425.5 17 434.2 1774.7 6630.6 19741.3 10.8 8253.9 8830.4 7082.9 24647 45147.6 1121692.4 148805.6 346556.8 62397.9 213.8 111267.2 26324.3 108.8 12055.6 2062.8 11.7 6537.2 6509.5 5793.8 13228.5 8.6 19639.1 3.2 51.5 3141725.8 794542.1 18338 104.3 454.9 29 1360.4 1686938.5 7167327 7264.9 334138.7 26233724 1651 40.1 239164.5 168.6 75 26681 11.1 20.8 1420.7 4223.6 122.6 11.5 10.4 6603.3 153.2 7 20.4 82182 2437.8 1
49.4 261 1989.8 8.6 367 1548.5 3.1 74.8 1039 6 312.8 2449.1 3447 18303.2 57.8 1512.9 9186 11801.1 7813.9 54643.2 1023741.8 131857.6 59785.6 89129.4 147.2 14097.2 6832.4 1348.5 4787 6.8 24.4 9897.7 3059.6 1671 3694.7 7.6 4325.2 15.9 43.5 13506001 614439.1 30006.8 74.6 229.2 23 3690.1 773304.9 5468597.5 4632.5 158997.9 4816658 1014.7 34.1 39631.5 75.1 3.1 28736 56.9 138 414.4 12694.9 50.4 1.6 1.9 7487 55 43.4 3.8 47529.1 3162.3 0
28.6 211.1 1038.1 5.3 144.5 1426.4 3.3 94.7 252.6 5.3 250.5 2366.9 3947.9 18380.6 17.8 4694.4 7101.7 8780 14552 47893.5 1092394.9 173194.5 290010.4 38314.5 825.3 5580.1 2566.1 3557.8 17818.7 54.9 31 1257 2472.6 1780.6 6656.8 5.7 8396.9 24.1 49.9 5395559.5 544037.4 18355.2 78 205.8 17.5 1133.3 294232.5 3671539.5 5832.2 297758.2 22413522 612.1 52.3 216566.8 38.4 75.6 33589.7 19.6 28.5 520.5 14823.9 214.8 15.8 33.2 9706.8 78 124.9 14.1 68084.5 4585.9 0
34.3 67.3 932.1 1.1 289.5 1218.2 3.6 73.6 219.7 8.1 291.3 1775.6 4529.7 11502.7 1.3 3073.7 11123.5 6511.1 28364.8 50404.6 800993.6 110905.9 39034.6 64922.1 80 5436.5 3069.4 1218.6 4641 189.3 8.6 2313.3 3318.8 2991.4 6048.4 8.9 12169.7 3.4 16.1 5296367 679814.8 22807.1 55.4 240.4 21.2 3469.7 1467600.5 5740168.5 3841.1 245715 8317889 1337.4 27.6 91603.6 45.1 108.7 24171.3 9.8 25.3 512.2 7033.9 12.6 2 1.8 5441.5 20.8 34.9 3.8 19034 2963.9 0
35.5 246.4 1766.9 2.3 118.4 749.9 3.7 55.3 459.1 2.8 353.1 843.7 3454.1 5878.9 0.8 932.7 11907.3 23213.4 6850.1 18240.3 854240.6 92172.4 488344.8 39099.3 383.4 9135.5 4137 4141.4 5703 5233.2 4.8 2316.9 2631.3 2641.1 26657.3 9 15591.2 1.7 45.5 3649109 466915.5 16243.5 43.6 185.3 17.7 61.4 517727.8 4114146.8 6389.4 396696.1 8042475 1079.7 7.7 44777.6 39.4 469.7 13688 12.5 57.2 398.1 18272.9 153.9 123.2 84.3 9336.3 260.6 126.2 26.4 64715.3 4032.2 0
41.1 257.1 2192.6 30.2 283.7 1360 3.2 90.4 371.1 10.9 291.3 3695.3 4071.8 26451.6 8.6 4673.1 10400.3 11422.2 45338.1 70810.8 1006468.7 262748.7 33255.9 112515.9 131 23531.5 7865.7 2911.5 25016.7 307.6 10.1 3949.4 3680.8 3857.2 4823.5 8.9 5294 24.1 40.7 5073373 598974 15885.2 79.4 207 24 11527 2626331.5 4528985 3569.3 142803.9 8477778 752.8 24.7 63684.6 83.5 40.8 37898.1 14.5 103.3 512.2 6015.6 105.5 2.1 2.5 9154.8 60.7 58.5 2 58912.3 4165 0
28.3 149.8 1186.7 4.3 122.8 355.6 2.9 33.4 290.2 84.1 702.2 1825.3 4156.4 11056.3 19 1558.1 8727.7 4454.4 12817.5 20790.3 791493.1 69860.7 17672.2 16112.3 207.2 9254 4906.7 1321.3 11173.6 1315.7 10.1 2310.4 132.6 4592.3 1506.3 8.9 2022.4 7.2 20.8 2245551.8 649145.9 3015.7 104 297.8 28 1264.9 2047169.5 3990647.8 1011.5 40837.2 15317856 710.1 24 142141.1 66.9 2.1 5123.6 17 51.1 703.8 20857.6 330.7 1.7 3 1668.6 58.1 4.8 3.4 75044 1433.4 1
143 380.8 2453.7 5.6 235.6 1397.4 3.8 109.6 564.4 5.2 271.3 1286.5 5380 11039 0.7 2055.5 5947.7 1330.9 4155.8 100313 1174348.3 142984.1 40515.8 45825.4 105.4 7951.1 3955 1117.5 6748.6 516 8.1 2971.1 3091.1 5279.7 4450.5 6.1 14510.1 6.8 35.4 4009987.3 849570.8 4365.1 84 284.3 22.1 20276.1 5734316.5 5981917.5 4141.9 119698.7 32046976 1530.1 14 37074.6 220.5 2.3 20099.2 58.5 189.1 617.7 1708 125.7 1.9 2.2 5135 151.1 37.6 4.9 41760.3 2925.2 0
4043.9 5541.1 14899.6 5.3 1116.5 6492.5 5 56.9 8751.2 2.4 334.2 2111.9 2419.1 14351.4 1894.6 16489.7 58031.2 7986.5 29157.3 24779.2 840714.4 128982 42449 21219 2062.2 6802.2 3620.1 2054.1 125992.5 2573 6 914714.3 252.5 2479.1 2936.1 10.5 3092.3 28.1 13.1 1503691.5 662390.4 4757.5 69.7 251.7 24 9403.1 699503.9 3696693.5 3046.8 164059.5 17417298 688.5 182.3 118001.1 534.4 267.3 7029.8 1386.7 1764.3 512.2 118589.8 51.9 1.6 1.6 4205.6 2.7 2 3.8 26910.8 2191 1
48.9 232.7 1488.7 124.5 386.5 1000.6 4.6 53.2 279.1 31.7 297.1 2082.4 5496.4 13406.5 13.2 2803.9 7410.4 7389.1 15547.7 31784.2 960119.6 117108.4 158736.3 91681.2 419.5 9692.5 2611.7 3987.5 9421 3765.8 19.9 4059.9 3448.9 2261.5 12586.5 7.7 2482.5 161.4 274.6 34798780 599484.8 44054 38.2 217.7 19.1 2989.1 368971.7 4627302 3800.6 371019.4 7765164.5 433.2 57.1 188379.7 48.1 155.3 27513.7 21.4 65.7 566 27960.3 46.1 17 47.9 10247.5 116 58.8 18.8 65883.3 4007.1 0
34.3 237.1 1790.9 3.9 118.8 486 6.5 112.9 423.3 12.1 439.7 2599.9 3785.1 17640.7 15.9 2995 5249.7 12086.3 30582.3 72758.5 1491327.8 206889.9 76508.1 61383.7 590 108771.3 26354 1007.2 18119.6 347.6 3.2 9416.4 3274.3 6021.9 3770.1 8.9 11404.9 3.4 19.2 4446228 913914.8 2816.3 96.6 321.3 37.9 5322.6 1655668.5 3992402.3 7529.2 225572.8 60255560 1411 17.5 118593.7 41.1 1.6 28193.4 12.9 28.4 630.7 11167.9 154.3 3.9 1.5 6148.2 147.3 52 22.7 46614.1 3633.9 1
40.3 113.5 1457.6 0.1 353.9 961.1 3.4 56.3 186.2 4.6 271.3 2295.1 6135.8 21333.9 8 4920.6 10147.6 14371.3 8061.5 53264.4 870022.2 114681.9 76325.1 68847.5 164.2 17256.6 3103 2442.4 9995.6 132.6 8.9 5672.3 4111.7 3171.3 9300.8 7.5 4574.4 0.3 68.9 7738448.5 797892.3 27836.6 82 244.5 20.5 3588.2 320494.4 5053890.5 3794.1 273259.5 16035392 1054.3 45.1 180947.6 38.4 2.3 23431 18.8 25.7 477.7 23225.6 130 11.5 41.9 8717.1 150.4 78.1 27.2 78321 4667.3 0
28.6 239.3 1346.4 3.9 109.2 790.1 8.4 120.4 144.3 3.4 250.5 2069 6803.5 14125 28.3 5495.6 10178.4 13185.4 2777.5 134288.8 1418712.4 211759.7 62099.9 75762.5 67.9 108138.7 17039.3 2216.4 9438 2357.3 17.7 2704.5 4770.8 4848.3 4249.8 7.5 42637.7 12.6 84.5 6002082 962264.6 10232.2 74 225 17.5 2992 2442751 4861917.5 4612.4 129810.6 17683894 1377.7 42 192145.1 50.7 228.9 41447.9 15.6 31.9 477.7 14214.7 100.1 9.4 25.6 6869.7 104.7 101.3 16.2 51915.6 4193.6 0
41.1 249.1 1869.2 2.1 369.5 1442.1 5 42.8 317.6 1 302 2743.8 8284.1 24786.8 3.9 13497.8 8293.2 8039.7 6439.2 35860.9 1415479.8 25572.2 218927.2 52893.5 100.3 9241.8 5055.1 2120.9 15543.2 2055.9 9.4 2248.5 5531.1 4698.6 7450 8.9 15838.5 5.1 69.4 4525954.5 844207.8 7881.5 55.4 229.2 22.1 7806.4 2433573 6934731.5 9866.1 319892.5 27546640 977 34.3 94187 37.3 1.8 26157.5 9 22.6 414.4 7153.5 37.7 2.3 2.6 9406.4 115.5 5.2 10.1 70877.6 4661.6 0
2248.6 583.6 4155.9 140.6 221.9 788.9 3.1 50.1 279.1 13.1 353.1 2830.1 5607.8 20968.4 21.2 5005.9 8477 11532.6 3368.3 70670.5 961827.1 162874.7 143558.7 50539 76.1 121359.2 33115.9 3815.8 10694.4 895 19 16326.3 2592.4 1716.5 4317.2 9 47443.4 92.8 39.1 5715309 527085.3 10206.3 47.3 201.4 19.1 1838.2 1032779.8 4640990.5 6772.9 207402.3 22435366 1175.1 1077 179961.6 41.4 825.8 22520.2 623.7 592.6 414.7 61992.4 157.4 13.8 3.5 9260 129.9 107.9 5.8 42966.8 4590.3 0
49.4 266.9 1539.4 34.7 149.6 1021.9 5.7 54.2 96.5 24.4 460.5 2258.7 3652.1 24863.1 6.8 2962.7 12541.6 21778.4 13007.2 29842.2 1240004.6 91055.8 438072.8 40472.2 345.7 59882.4 12721.1 2509.7 240272 146.7 64.7 3983.2 2753 3593.1 16919.1 7.6 14674.3 21.1 134.6 5885243.5 788219.7 21889.6 64.9 274.5 25.9 3094.5 1743842.6 5841059 5798 375345.6 17634992 571.4 203.6 122228.5 91.9 76.3 22574.2 42.8 103.3 1753.7 27237.6 35.7 1.4 2.1 7300 38.2 7.1 4.9 83770.4 3607.1 1
41.1 405.7 1524 101.6 202.7 858.5 3.8 46.5 561.8 32.6 312.8 3127.9 4979.8 21905.6 55.8 5678.7 12076.3 6318.8 13595.6 52535.5 1286402.4 161825.9 784753.5 62295.7 259.5 3968.9 3158.6 2066.3 10615.6 9.3 24.9 4251.4 1699.2 2060.7 41411.5 8.9 7351.4 163.5 120 8077783.5 815861 35987.5 84.3 274.5 28 3756.3 2000084.3 4331108 12764.3 607402.1 7505031 1169 111 164483.3 45.1 264.8 17547.8 63.4 138 461.3 12318.1 100.9 2.8 3.6 9377.9 119.5 91.7 8.5 72090.8 3893.6 0
25.2 350 1648 1.9 374.3 979.7 7.1 43.1 650.9 11.3 305.2 1395 4808.4 15540.3 1.4 5214.6 7782.4 30399.4 25915 58327 1017750.5 154035.8 168978 64404.6 523.3 38546.7 19043.5 6099.7 30948 682.6 6.1 2386.2 111402.6 2906.3 7100.2 7.7 2063.7 4.4 21.8 5033747 528868.6 34565 36.4 185.3 20.5 6471.8 1633348.9 4403517.5 3637.8 83703 141614670 949.9 120.9 185561.1 58.8 136.6 38494.9 18 30.9 449.1 4377.8 102.9 3.3 24.2 5625.9 108.5 20.7 15.4 241474.7 2547 1
41.1 249.1 1716.6 2.4 316.3 1455.6 4.3 75.4 410.4 9 355.5 3964.6 6306.6 17905.8 18 7193.5 7402.3 5801.3 7676.9 104093.7 1371533.1 204805.4 34827.7 42794.7 186.7 14888.7 5623.1 3527.8 5808.6 507.4 9.4 7028.3 1431.4 2546.2 2713.8 10.5 8693.1 4 31.6 3170546.8 854154.6 2947.4 60.1 251.7 27 8562.1 376202.9 5809383 2540.3 137298.1 11083644 1207.8 19.6 163335.8 37.3 82.8 19458.2 17.9 43 568 13507.8 83 1.7 1.5 6098.9 131 28.6 3.8 58600.8 3240.6 0
